0,33,33,134,252,27,108,25,72,23,76,21,136,20,96,21,184,23,216,26,16,30,144,32,188,34,248,36,52,38,236,37,4,36,8,33,208,29,232,26,152,24,136,22,236,20,192,20,64,22,188,24,248,27,48,31,120,33,168,35,140,37,68,38,44,37,244,34,180,31,140,28,0,26,192,23,148,21,128,20,4,21,0,23,8,26,80,29,28,32,80,34,128,36,252,37,0,38,116,36,172,33,108,30,1,0
0,33,33,134,96,27,4,25,228,22,236,20,128,20,168,21,44,24,112,27,124,30,244,32,72,35,108,37,92,38,172,37,144,35,112,32,20,29,76,26,72,24,248,21,160,20,220,20,168,22,112,25,192,28,148,31,220,33,28,36,224,37,36,38,220,36,60,34,32,31,236,27,128,25,96,23,48,21,100,20,112,21,160,23,0,27,232,29,148,32,216,34,228,36,12,38,204,37,204,35,220,32,152,29,1,0
0,33,33,134,184,26,116,24,132,22,212,20,172,20,52,22,236,24,48,28,72,31,144,33,208,35,192,37,104,38,72,37,232,34,192,31,136,28,228,25,196,23,152,21,124,20,28,21,52,23,36,26,92,29,40,32,92,34,136,36,36,38,48,38,132,36,184,33,100,30,108,27,24,25,0,23,16,21,160,20,212,21,64,24,124,27,176,30,252,32,24,35,80,37,52,38,144,37,88,35,72,32,248,28,1,0
0,33,33,134,108,26,88,24,16,22,192,20,248,20,152,22,128,25,196,28,176,31,248,33,64,36,20,38,68,38,252,36,96,34,8,31,204,27,112,25,72,23,60,21,140,20,144,21,196,23,0,27,28,30,200,32,0,35,32,37,100,38,224,37,236,35,236,32,168,29,200,26,144,24,100,22,196,20,196,20,68,22,8,25,76,28,96,31,184,33,240,35,208,37,80,38,56,37,196,34,132,31,84,28,1,0
0,33,33,134,224,25,204,23,164,21,148,20,40,21,92,23,96,26,160,29,104,32,140,34,192,36,52,38,36,38,80,36,172,33,72,30,104,27,24,25,228,22,12,21,148,20,228,21,96,24,144,27,192,30,56,33,68,35,104,37,96,38,152,37,72,35,44,32,240,28,64,26,40,24,224,21,176,20,232,20,224,22,188,25,20,29,224,31,48,34,60,36,0,38,60,38,228,36,96,34,220,30,204,27,1,0
0,33,33,134,100,25,68,23,52,21,128,20,160,21,0,24,4,27,52,30,200,32,244,34,60,37,76,38,240,37,236,35,240,32,192,29,232,26,176,24,128,22,220,20,232,20,124,22,36,25,108,28,76,31,160,33,192,35,224,37,56,38,32,37,192,34,148,31,92,28,184,25,156,23,160,21,152,20,80,21,80,23,72,26,164,29,96,32,144,34,200,36,64,38,32,38,52,36,132,33,96,30,48,27,1,0
0,33,33,134,248,24,208,22,252,20,168,20,228,21,128,24,152,27,172,30,60,33,84,35,128,37,96,38,152,37,136,35,88,32,28,29,128,26,44,24,252,21,184,20,16,21,188,22,188,25,252,28,236,31,56,34,96,36,32,38,52,38,176,36,20,34,204,30,180,27,100,25,76,23,56,21,128,20,132,21,204,23,8,27,68,30,184,32,232,34,8,37,92,38,200,37,224,35,204,32,168,29,188,26,1,0
0,33,33,134,120,24,84,22,192,20,176,20,52,22,12,25,72,28,96,31,148,33,204,35,212,37,84,38,40,37,208,34,164,31,100,28,188,25,152,23,128,21,88,20,16,21,28,23,64,26,136,29,44,32,112,34,148,36,252,37,220,37,64,36,68,33,12,30,20,27,228,24,176,22,224,20,140,20,248,21,132,24,176,27,200,30,52,33,80,35,108,37,92,38,112,37,36,35,28,32,216,28,28,26,1,0
0,33,33,134,16,24,212,21,156,20,220,20,188,22,184,25,12,29,212,31,0,34,56,36,220,37,24,38,188,36,16,34,172,30,156,27,108,25,28,23,48,21,136,20,128,21,204,23,236,26,44,30,172,32,220,34,16,37,68,38,176,37,204,35,180,32,156,29,180,26,124,24,44,22,144,20,176,20,96,22,252,24,104,28,96,31,168,33,188,35,204,37,76,38,16,37,140,34,108,31,52,28,192,25,1,0
0,33,33,134,124,23,84,21,132,20,76,21,96,23,76,26,148,29,92,32,144,34,224,36,56,38,0,38,60,36,128,33,48,30,48,27,204,24,224,22,4,21,160,20,220,21,112,24,176,27,172,30,28,33,108,35,124,37,64,38,88,37,64,35,12,32,196,28,40,26,16,24,204,21,164,20,8,21,8,23,204,25,0,29,204,31,16,34,60,36,248,37,48,38,192,36,240,33,208,30,180,27,96,25,1,0
0,33,33,134,40,23,72,21,140,20,152,21,220,23,252,26,80,30,228,32,0,35,44,37,72,38,192,37,172,35,192,32,152,29,200,26,140,24,96,22,168,20,188,20,60,22,0,25,60,28,68,31,164,33,232,35,212,37,96,38,52,37,188,34,120,31,28,28,196,25,136,23,104,21,136,20,40,21,108,23,108,26,184,29,112,32,156,34,196,36,64,38,48,38,96,36,124,33,68,30,72,27,248,24,1,0
0,33,33,134,164,22,224,20,152,20,236,21,132,24,216,27,228,30,72,33,128,35,144,37,84,38,108,37,68,35,64,32,240,28,88,26,40,24,240,21,176,20,12,21,8,23,240,25,48,29,0,32,76,34,108,36,12,38,44,38,212,36,240,33,196,30,192,27,76,25,60,23,36,21,164,20,168,21,0,24,60,27,100,30,236,32,28,35,60,37,96,38,184,37,160,35,164,32,68,29,160,26,112,24,1,0
0,33,33,134,60,22,200,20,236,20,128,22,80,25,104,28,140,31,188,33,248,35,224,37,64,38,4,37,148,34,60,31,32,28,160,25,168,23,140,21,148,20,104,21,120,23,132,26,192,29,92,32,176,34,216,36,64,38,208,37,252,35,28,33,240,29,0,27,188,24,144,22,192,20,144,20,28,22,164,24,228,27,0,31,88,33,160,35,160,37,84,38,88,37,16,35,228,31,136,28,0,26,208,23,1,0
0,33,33,134,180,21,140,20,20,21,4,23,0,26,68,29,20,32,64,34,100,36,44,38,44,38,168,36,224,33,140,30,152,27,60,25,4,23,8,21,128,20,192,21,12,24,56,27,112,30,236,32,4,35,68,37,96,38,164,37,120,35,140,32,92,29,136,26,92,24,20,22,168,20,224,20,136,22,76,25,124,28,152,31,192,33,4,36,228,37,100,38,12,37,156,34,92,31,60,28,200,25,144,23,1,0
0,33,33,134,96,21,132,20,100,21,156,23,176,26,204,29,156,32,196,34,4,37,108,38,0,38,56,36,52,33,8,30,4,27,228,24,184,22,0,21,196,20,12,22,196,24,0,28,36,31,128,33,172,35,176,37,96,38,100,37,16,35,228,31,148,28,16,26,216,23,164,21,128,20,240,20,0,23,248,25,64,29,228,31,52,34,84,36,16,38,20,38,128,36,208,33,152,30,132,27,24,25,232,22,1,0
0,33,33,134,236,20,152,20,156,21,48,24,88,27,104,30,228,32,32,35,64,37,72,38,144,37,108,35,128,32,60,29,164,26,104,24,36,22,168,20,208,20,112,22,84,25,152,28,160,31,220,33,32,36,244,37,56,38,4,37,128,34,36,31,168,27,176,25,108,23,84,21,132,20,96,21,200,23,172,26,228,29,192,32,224,34,248,36,64,38,232,37,20,36,48,33,204,29,224,26,168,24,120,22,1,0
0,33,33,134,188,20,148,20,32,22,180,24,252,27,16,31,124,33,124,35,184,37,76,38,108,37,32,35,12,32,180,28,4,26,228,23,188,21,156,20,48,21,24,23,236,25,32,29,252,31,72,34,124,36,40,38,252,37,140,36,188,33,92,30,96,27,252,24,216,22,220,20,116,20,156,21,64,24,132,27,172,30,36,33,68,35,112,37,80,38,164,37,152,35,112,32,60,29,112,26,40,24,244,21,1,0
0,33,33,134,160,20,216,20,160,22,104,25,168,28,168,31,228,33,28,36,220,37,72,38,244,36,84,34,4,31,0,28,112,25,80,23,60,21,160,20,108,21,224,23,208,26,32,30,180,32,208,34,0,37,76,38,0,38,12,36,36,33,228,29,248,26,208,24,136,22,204,20,180,20,48,22,232,24,72,28,76,31,124,33,188,35,188,37,108,38,100,37,248,34,196,31,160,28,4,26,240,23,224,21,1,0
0,33,33,134,176,20,56,21,80,23,64,26,144,29,60,32,116,34,204,36,64,38,252,37,108,36,156,33,128,30,84,27,4,25,240,22,32,21,164,20,224,21,112,24,160,27,196,30,64,33,104,35,120,37,128,38,172,37,92,35,64,32,0,29,68,26,32,24,0,22,160,20,204,20,188,22,140,25,240,28,184,31,4,34,68,36,4,38,64,38,208,36,28,34,220,30,188,27,128,25,60,23,92,21,1,0
0,33,33,134,156,20,132,21,216,23,228,26,32,30,148,32,200,34,244,36,48,38,180,37,208,35,224,32,160,29,200,26,136,24,108,22,204,20,212,20,60,22,252,24,64,28,80,31,144,33,184,35,188,37,68,38,44,37,192,34,140,31,100,28,212,25,176,23,140,21,136,20,52,21,60,23,28,26,144,29,84,32,120,34,168,36,252,37,244,37,64,36,148,33,44,30,84,27,248,24,192,22,232,20,1,0
0,33,33,134,148,20,240,21,100,24,156,27,208,30,32,33,88,35,112,37,76,38,160,37,80,35,44,32,16,29,96,26,48,24,24,22,196,20,16,21,188,22,200,25,204,28,168,31,236,33,64,36,240,37,28,38,208,36,40,34,228,30,224,27,100,25,80,23,44,21,144,20,148,21,220,23,16,27,60,30,220,32,28,35,60,37,112,38,200,37,200,35,232,32,164,29,220,26,152,24,100,22,192,20,1,0
0,33,33,134,148,20,68,22,8,25,60,28,80,31,136,33,188,35,188,37,56,38,64,37,168,34,136,31,80,28,216,25,148,23,128,21,116,20,32,21,52,23,60,26,132,29,60,32,132,34,168,36,60,38,8,38,88,36,100,33,40,30,4,27,176,24,160,22,192,20,108,20,208,21,84,24,136,27,176,30,48,33,96,35,128,37,92,38,152,37,80,35,56,32,224,28,64,26,244,23,224,21,144,20,1,0
0,33,33,134,216,20,168,22,164,25,232,28,204,31,244,33,48,36,0,38,20,38,164,36,12,34,200,30,164,27,112,25,44,23,28,21,160,20,136,21,200,23,248,26,48,30,216,32,248,34,16,37,36,38,172,37,164,35,192,32,100,29,144,26,128,24,76,22,172,20,184,20,60,22,32,25,72,28,60,31,160,33,188,35,176,37,80,38,20,37,152,34,100,31,36,28,176,25,144,23,80,21,84,20,1,0
0,33,33,134,236,20,40,23,36,26,132,29,80,32,92,34,180,36,32,38,0,38,64,36,116,33,44,30,68,27,236,24,156,22,212,20,128,20,228,21,128,24,192,27,232,30,36,33,76,35,116,37,64,38,96,37,52,35,32,32,224,28,52,26,236,23,204,21,152,20,252,20,184,22,140,25,240,28,208,31,4,34,72,36,204,37,32,38,160,36,252,33,164,30,140,27,48,25,12,23,12,21,116,20,1,0
0,33,33,134,120,21,228,23,16,27,96,30,204,32,244,34,12,37,80,38,216,37,180,35,204,32,116,29,156,26,128,24,84,22,188,20,196,20,88,22,28,25,92,28,88,31,168,33,200,35,184,37,68,38,4,37,124,34,80,31,12,28,156,25,128,23,100,21,92,20,20,21,64,23,60,26,136,29,60,32,88,34,168,36,20,38,236,37,68,36,92,33,32,30,64,27,224,24,176,22,204,20,148,20,1,0
0,33,33,134,248,21,144,24,188,27,224,30,56,33,92,35,124,37,100,38,124,37,48,35,48,32,180,28,12,26,212,23,180,21,124,20,252,20,248,22,172,25,4,29,228,31,40,34,84,36,12,38,52,38,164,36,0,34,172,30,164,27,72,25,24,23,40,21,108,20,132,21,236,23,20,27,60,30,212,32,236,34,28,37,88,38,192,37,168,35,160,32,68,29,128,26,60,24,24,22,164,20,164,20,1,0
0,33,33,134,76,22,52,25,116,28,120,31,184,33,240,35,204,37,48,38,0,37,100,34,44,31,4,28,128,25,88,23,80,21,120,20,48,21,132,23,160,26,220,29,120,32,164,34,196,36,24,38,216,37,12,36,88,33,240,29,0,27,204,24,148,22,180,20,148,20,4,22,168,24,240,27,0,31,76,33,116,35,120,37,40,38,96,37,252,34,220,31,180,28,32,26,232,23,184,21,124,20,0,21,1,0
0,33,33,134,228,22,0,26,52,29,16,32,64,34,128,36,4,38,24,38,80,36,168,33,112,30,108,27,32,25,232,22,244,20,124,20,164,21,16,24,28,27,100,30,224,32,4,35,48,37,60,38,176,37,132,35,144,32,56,29,128,26,88,24,0,22,132,20,176,20,100,22,80,25,136,28,96,31,184,33,248,35,208,37,36,38,240,36,100,34,48,31,32,28,148,25,120,23,68,21,120,20,80,21,1,0
0,33,33,134,108,23,132,26,184,29,104,32,188,34,216,36,32,38,196,37,220,35,44,33,240,29,244,26,192,24,136,22,188,20,168,20,244,21,156,24,204,27,228,30,80,33,128,35,160,37,56,38,96,37,236,34,232,31,168,28,244,25,184,23,168,21,116,20,8,21,24,23,20,26,96,29,0,32,64,34,128,36,4,38,8,38,100,36,156,33,104,30,104,27,16,25,240,22,20,21,152,20,180,21,1,0
0,33,33,134,44,24,60,27,120,30,236,32,40,35,72,37,80,38,156,37,128,35,124,32,44,29,120,26,76,24,32,22,168,20,224,20,160,22,108,25,172,28,160,31,252,33,20,36,8,38,108,38,248,36,136,34,60,31,12,28,140,25,88,23,76,21,136,20,108,21,168,23,184,26,224,29,136,32,160,34,220,36,48,38,232,37,4,36,48,33,188,29,212,26,144,24,104,22,164,20,144,20,236,21,1,0
0,33,33,134,136,24,224,27,240,30,72,33,104,35,152,37,40,38,80,37,24,35,220,31,168,28,252,25,224,23,172,21,152,20,44,21,28,23,252,25,96,29,8,32,60,34,116,36,4,38,252,37,108,36,204,33,116,30,136,27,36,25,252,22,12,21,132,20,180,21,32,24,92,27,116,30,16,33,84,35,104,37,100,38,180,37,144,35,108,32,36,29,92,26,28,24,16,22,160,20,204,20,140,22,1,0
0,33,33,134,80,25,132,28,136,31,228,33,252,35,244,37,80,38,228,36,116,34,56,31,40,28,124,25,108,23,80,21,124,20,104,21,168,23,176,26,0,30,140,32,176,34,244,36,52,38,216,37,4,36,36,33,204,29,232,26,156,24,100,22,156,20,136,20,4,22,192,24,12,28,40,31,136,33,164,35,180,37,96,38,76,37,248,34,228,31,172,28,252,25,200,23,180,21,148,20,12,21,12,23,1,0
0,33,33,134,16,26,56,29,16,32,84,34,132,36,24,38,40,38,140,36,200,33,128,30,136,27,252,24,228,22,228,20,128,20,184,21,16,24,68,27,132,30,20,33,96,35,128,37,96,38,180,37,136,35,92,32,40,29,108,26,44,24,236,21,144,20,196,20,132,22,112,25,176,28,144,31,4,34,32,36,248,37,64,38,220,36,60,34,40,31,252,27,140,25,104,23,80,21,140,20,72,21,144,23,1,0
0,33,33,134,192,26,220,29,148,32,172,34,224,36,44,38,0,38,20,36,32,33,236,29,8,27,160,24,104,22,180,20,140,20,0,22,192,24,32,28,56,31,152,33,168,35,164,37,56,38,76,37,4,35,188,31,176,28,4,26,244,23,200,21,128,20,0,21,236,22,236,25,44,29,248,31,56,34,92,36,8,38,4,38,136,36,196,33,136,30,132,27,44,25,248,22,24,21,160,20,192,21,52,24,1,0
0,33,33,134,112,27,152,30,0,33,68,35,104,37,60,38,160,37,108,35,124,32,64,29,136,26,96,24,4,22,132,20,172,20,116,22,60,25,136,28,144,31,216,33,12,36,232,37,56,38,4,37,128,34,44,31,252,27,136,25,120,23,84,21,124,20,96,21,132,23,132,26,224,29,104,32,168,34,216,36,64,38,220,37,8,36,32,33,172,29,232,26,176,24,128,22,184,20,160,20,24,22,208,24,1,0
0,33,33,134,252,27,48,31,128,33,160,35,156,37,60,38,92,37,252,34,220,31,160,28,4,26,232,23,208,21,160,20,28,21,28,23,12,26,84,29,12,32,52,34,112,36,252,37,20,38,92,36,184,33,92,30,104,27,4,25,228,22,252,20,100,20,144,21,4,24,44,27,88,30,200,32,204,34,32,37,252,37,96,37,88,35,72,32,252,28,72,26,24,24,220,21,112,20,172,20,112,22,80,25,1,0
0,33,33,134,152,28,116,31,180,33,244,35,220,37,28,38,232,36,112,34,12,31,224,27,108,25,96,23,56,21,116,20,84,21,160,23,212,26,248,29,124,32,152,34,204,36,48,38,228,37,0,36,28,33,196,29,228,26,176,24,128,22,192,20,136,20,16,22,176,24,232,27,20,31,88,33,132,35,120,37,36,38,44,37,208,34,196,31,132,28,220,25,188,23,152,21,124,20,236,20,244,22,0,26,1,0
0,33,33,134,88,29,28,32,60,34,128,36,4,38,252,37,144,36,216,33,168,30,124,27,36,25,12,23,8,21,132,20,192,21,48,24,88,27,108,30,240,32,8,35,72,37,44,38,148,37,116,35,104,32,36,29,96,26,104,24,20,22,164,20,212,20,144,22,100,25,176,28,176,31,232,33,16,36,232,37,72,38,4,37,108,34,60,31,12,28,156,25,108,23,112,21,128,20,96,21,164,23,208,26,1,0
0,33,33,134,232,29,128,32,196,34,0,37,40,38,216,37,252,35,64,33,240,29,240,26,192,24,136,22,192,20,152,20,236,21,180,24,24,28,36,31,140,33,184,35,188,37,100,38,60,37,220,34,192,31,132,28,216,25,180,23,184,21,140,20,28,21,24,23,252,25,72,29,20,32,44,34,116,36,24,38,40,38,160,36,240,33,156,30,156,27,52,25,4,23,32,21,184,20,172,21,64,24,96,27,1,0
0,33,33,134,128,30,40,33,44,35,76,37,56,38,140,37,116,35,136,32,28,29,128,26,56,24,20,22,176,20,216,20,140,22,116,25,184,28,180,31,236,33,32,36,8,38,72,38,0,37,112,34,16,31,28,28,184,25,124,23,128,21,148,20,116,21,176,23,212,26,0,30,140,32,192,34,220,36,60,38,248,37,32,36,64,33,244,29,28,27,192,24,128,22,188,20,148,20,16,22,168,24,248,27,1,0
0,33,33,134,16,31,140,33,160,35,160,37,88,38,80,37,12,35,232,31,172,28,32,26,240,23,208,21,124,20,8,21,240,22,236,25,40,29,0,32,40,34,112,36,20,38,8,38,104,36,164,33,136,30,92,27,12,25,224,22,24,21,132,20,188,21,52,24,104,27,160,30,8,33,56,35,100,37,112,38,164,37,160,35,148,32,68,29,100,26,48,24,16,22,140,20,164,20,132,22,64,25,160,28,1,0
0,33,33,134,164,31,196,33,252,35,228,37,64,38,0,37,76,34,252,30,252,27,124,25,92,23,56,21,124,20,96,21,132,23,184,26,8,30,132,32,176,34,0,37,76,38,228,37,32,36,0,33,204,29,4,27,172,24,144,22,192,20,132,20,24,22,184,24,252,27,20,31,120,33,192,35,156,37,80,38,72,37,248,34,240,31,164,28,252,25,212,23,192,21,160,20,252,20,12,23,4,26,96,29,1,0
0,33,33,134,20,32,108,34,148,36,64,38,64,38,148,36,196,33,116,30,100,27,8,25,220,22,8,21,164,20,192,21,56,24,124,27,148,30,32,33,56,35,92,37,84,38,164,37,108,35,64,32,32,29,88,26,36,24,252,21,152,20,232,20,172,22,132,25,188,28,188,31,248,33,32,36,232,37,68,38,244,36,88,34,28,31,0,28,124,25,100,23,76,21,116,20,96,21,148,23,208,26,4,30,1,0
0,33,33,134,204,32,228,34,16,37,108,38,4,38,32,36,252,32,204,29,212,26,160,24,104,22,180,20,184,20,64,22,232,24,60,28,92,31,160,33,224,35,188,37,68,38,76,37,188,34,192,31,144,28,4,26,228,23,184,21,152,20,68,21,44,23,60,26,160,29,48,32,108,34,192,36,64,38,48,38,160,36,184,33,116,30,92,27,252,24,224,22,16,21,176,20,216,21,100,24,144,27,204,30,1,0
0,33,33,134,32,33,56,35,60,37,80,38,152,37,92,35,104,32,4,29,92,26,56,24,20,22,192,20,228,20,216,22,168,25,236,28,204,31,232,33,64,36,16,38,104,38,244,36,92,34,44,31,8,28,128,25,96,23,88,21,128,20,124,21,176,23,216,26,8,30,164,32,184,34,20,37,64,38,184,37,232,35,208,32,152,29,188,26,172,24,108,22,188,20,196,20,28,22,196,24,52,28,60,31,1,0
0,33,33,134,132,33,216,35,208,37,60,38,28,37,192,34,140,31,88,28,224,25,172,23,128,21,108,20,56,21,36,23,40,26,92,29,20,32,104,34,148,36,12,38,236,37,96,36,128,33,64,30,44,27,228,24,192,22,212,20,132,20,168,21,60,24,160,27,164,30,20,33,72,35,124,37,100,38,136,37,100,35,56,32,252,28,48,26,32,24,188,21,160,20,232,20,196,22,152,25,236,28,208,31,1,0
0,33,33,134,248,33,60,36,236,37,16,38,168,36,12,34,228,30,172,27,100,25,68,23,68,21,128,20,144,21,196,23,240,26,60,30,216,32,228,34,32,37,100,38,208,37,232,35,216,32,176,29,164,26,128,24,64,22,156,20,156,20,68,22,252,24,64,28,68,31,168,33,228,35,232,37,100,38,56,37,176,34,136,31,80,28,188,25,160,23,140,21,116,20,28,21,72,23,84,26,144,29,72,32,1,0
0,33,33,134,132,34,176,36,32,38,240,37,76,36,160,33,100,30,60,27,12,25,172,22,0,21,176,20,232,21,132,24,156,27,224,30,60,33,92,35,128,37,80,38,112,37,72,35,32,32,220,28,56,26,240,23,196,21,128,20,236,20,212,22,192,25,252,28,244,31,28,34,96,36,24,38,60,38,184,36,20,34,0,31,196,27,144,25,68,23,52,21,152,20,172,21,0,24,24,27,72,30,200,32,1,0
0,33,33,134,16,35,72,37,112,38,240,37,232,35,240,32,152,29,220,26,120,24,56,22,200,20,224,20,88,22,24,25,80,28,44,31,144,33,224,35,208,37,52,38,32,37,160,34,96,31,96,28,204,25,176,23,140,21,164,20,44,21,104,23,112,26,224,29,100,32,132,34,204,36,40,38,252,37,44,36,108,33,68,30,52,27,220,24,192,22,232,20,164,20,0,22,164,24,188,27,200,30,64,33,1,0
0,33,33,134,84,35,92,37,68,38,108,37,76,35,64,32,20,29,88,26,44,24,248,21,144,20,244,20,204,22,164,25,240,28,236,31,44,34,68,36,12,38,56,38,188,36,44,34,240,30,188,27,128,25,84,23,72,21,144,20,144,21,224,23,28,27,80,30,224,32,236,34,48,37,68,38,188,37,240,35,228,32,128,29,180,26,96,24,56,22,176,20,188,20,64,22,248,24,72,28,64,31,124,33,1,0
0,33,33,134,192,35,176,37,44,38,28,37,188,34,168,31,100,28,220,25,196,23,176,21,168,20,48,21,68,23,96,26,156,29,72,32,136,34,180,36,80,38,44,38,112,36,164,33,120,30,72,27,8,25,204,22,4,21,160,20,240,21,136,24,148,27,184,30,16,33,96,35,128,37,76,38,140,37,104,35,56,32,252,28,80,26,56,24,8,22,148,20,44,21,204,22,168,25,228,28,192,31,236,33,1,0
0,33,33,134,64,36,248,37,56,38,216,36,36,34,228,30,196,27,128,25,80,23,56,21,156,20,140,21,188,23,244,26,44,30,192,32,224,34,244,36,52,38,180,37,224,35,196,32,140,29,180,26,136,24,88,22,160,20,156,20,68,22,0,25,60,28,72,31,116,33,172,35,140,37,28,38,248,36,132,34,112,31,96,28,196,25,176,23,140,21,136,20,60,21,84,23,96,26,140,29,44,32,96,34,1,0
0,33,33,134,184,36,32,38,0,38,88,36,132,33,76,30,96,27,252,24,196,22,232,20,144,20,204,21,84,24,160,27,200,30,44,33,80,35,116,37,76,38,120,37,64,35,68,32,236,28,56,26,32,24,248,21,152,20,224,20,176,22,136,25,220,28,208,31,12,34,88,36,28,38,60,38,240,36,28,34,220,30,216,27,108,25,68,23,72,21,156,20,152,21,224,23,252,26,12,30,160,32,200,34,1,0
0,33,33,134,0,37,60,38,204,37,216,35,248,32,160,29,188,26,124,24,76,22,192,20,192,20,76,22,252,24,60,28,96,31,140,33,200,35,156,37,56,38,32,37,188,34,140,31,96,28,228,25,168,23,132,21,112,20,12,21,72,23,92,26,140,29,96,32,108,34,192,36,48,38,36,38,108,36,148,33,92,30,68,27,24,25,188,22,252,20,156,20,220,21,100,24,116,27,164,30,4,33,64,35,1,0
