0,33,33,134,124,23,192,21,240,20,188,21,200,23,168,26,180,29,64,32,48,34,248,35,24,37,208,36,20,35,80,32,88,29,156,26,192,24,164,22,64,21,28,21,152,22,232,24,0,28,244,30,12,33,228,34,168,36,112,37,60,36,36,34,64,31,48,28,216,25,4,24,36,22,40,21,124,21,116,23,56,26,64,29,216,31,192,33,204,35,32,37,24,37,148,35,252,32,244,29,72,27,36,25,1,0
0,33,33,134,80,23,124,21,8,21,44,22,128,24,80,27,68,30,128,32,136,34,96,36,40,37,136,36,140,34,200,31,212,28,92,26,120,24,136,22,48,21,96,21,4,23,144,25,152,28,80,31,96,33,88,35,220,36,72,37,220,35,148,33,192,30,192,27,156,25,200,23,228,21,52,21,0,22,0,24,172,26,192,29,28,32,16,34,252,35,48,37,204,36,28,35,96,32,60,29,176,26,184,24,1,0
0,33,33,134,204,22,80,21,36,21,148,22,248,24,232,27,216,30,228,32,208,34,176,36,68,37,48,36,12,34,40,31,100,28,224,25,12,24,28,22,24,21,160,21,108,23,44,26,68,29,220,31,204,33,180,35,28,37,60,37,176,35,40,33,60,30,116,27,64,25,84,23,128,21,28,21,44,22,116,24,100,27,92,30,184,32,128,34,100,36,80,37,156,36,168,34,236,31,232,28,96,26,140,24,1,0
0,33,33,134,144,22,40,21,112,21,220,22,132,25,112,28,80,31,60,33,60,35,0,37,64,37,248,35,184,33,176,30,200,27,132,25,176,23,228,21,36,21,240,21,0,24,232,26,200,29,88,32,72,34,32,36,112,37,0,37,56,35,140,32,116,29,156,26,172,24,220,22,60,21,20,21,108,22,228,24,244,27,216,30,252,32,224,34,156,36,48,37,60,36,32,34,212,30,44,28,176,25,220,23,1,0
0,33,33,134,48,22,52,21,140,21,128,23,48,26,40,29,156,31,192,33,164,35,64,37,48,37,176,35,68,33,36,30,72,27,64,25,96,23,152,21,28,21,68,22,136,24,128,27,108,30,168,32,152,34,100,36,100,37,208,36,220,34,252,31,0,29,80,26,76,24,136,22,28,21,80,21,224,22,132,25,144,28,96,31,108,33,108,35,32,37,96,37,52,36,184,33,204,30,224,27,140,25,160,23,1,0
0,33,33,134,196,21,8,21,224,21,220,23,0,27,192,29,68,32,68,34,40,36,76,37,248,36,84,35,152,32,156,29,196,26,0,25,16,23,108,21,72,21,172,22,4,25,236,27,240,30,32,33,252,34,224,36,132,37,132,36,96,34,108,31,128,28,248,25,40,24,44,22,48,21,160,21,120,23,32,26,32,29,188,31,172,33,156,35,36,37,68,37,216,35,76,33,60,30,104,27,100,25,60,23,1,0
0,33,33,134,152,21,16,21,48,22,120,24,96,27,80,30,168,32,136,34,128,36,108,37,204,36,212,34,8,32,4,29,152,26,140,24,136,22,100,21,124,21,24,23,160,25,160,28,100,31,116,33,96,35,252,36,132,37,64,36,220,33,212,30,220,27,164,25,192,23,232,21,44,21,248,21,8,24,196,26,188,29,56,32,44,34,24,36,92,37,12,37,116,35,180,32,168,29,216,26,240,24,228,22,1,0
0,33,33,134,88,21,20,21,108,22,0,25,224,27,212,30,220,32,196,34,160,36,60,37,112,36,76,34,116,31,108,28,12,26,44,24,64,22,12,21,116,21,108,23,8,26,36,29,172,31,164,33,136,35,20,37,36,37,184,35,60,33,48,30,60,27,56,25,104,23,144,21,220,20,12,22,96,24,44,27,52,30,160,32,116,34,100,36,128,37,236,36,252,34,48,32,52,29,164,26,180,24,192,22,1,0
0,33,33,134,64,21,68,21,220,22,116,25,120,28,64,31,80,33,44,35,224,36,100,37,68,36,24,34,32,31,12,28,208,25,240,23,24,22,52,21,236,21,184,23,148,26,156,29,12,32,28,34,8,36,96,37,252,36,116,35,196,32,184,29,248,26,0,25,44,23,120,21,28,21,88,22,192,24,220,27,172,30,232,32,196,34,192,36,92,37,140,36,132,34,168,31,124,28,36,26,40,24,52,22,1,0
0,33,33,134,24,21,104,21,48,23,228,25,0,29,184,31,168,33,152,35,36,37,76,37,224,35,96,33,96,30,136,27,96,25,148,23,168,21,36,21,24,22,28,24,28,27,28,30,108,32,84,34,60,36,76,37,240,36,12,35,60,32,28,29,184,26,216,24,228,22,104,21,92,21,228,22,108,25,92,28,72,31,60,33,44,35,244,36,104,37,88,36,16,34,44,31,64,28,208,25,248,23,0,22,1,0
0,33,33,134,32,21,208,21,184,23,124,26,124,29,28,32,32,34,252,35,80,37,36,37,124,35,204,32,196,29,32,27,232,24,32,23,128,21,64,21,84,22,212,24,212,27,184,30,248,32,232,34,180,36,132,37,196,36,148,34,208,31,172,28,60,26,60,24,112,22,28,21,108,21,72,23,232,25,16,29,164,31,144,33,132,35,12,37,44,37,224,35,96,33,92,30,140,27,128,25,140,23,192,21,1,0
0,33,33,134,12,21,248,21,28,24,24,27,8,30,136,32,84,34,64,36,128,37,240,36,16,35,84,32,96,29,156,26,168,24,192,22,72,21,64,21,196,22,64,25,76,28,32,31,64,33,28,35,0,37,128,37,116,36,12,34,32,31,16,28,204,25,236,23,4,22,28,21,192,21,4,24,108,26,128,29,32,32,32,34,0,36,88,37,28,37,124,35,232,32,212,29,4,27,236,24,16,23,108,21,1,0
0,33,33,134,24,21,76,22,200,24,172,27,176,30,208,32,188,34,180,36,112,37,156,36,160,34,172,31,176,28,36,26,44,24,84,22,32,21,100,21,20,23,200,25,192,28,136,31,160,33,92,35,16,37,64,37,252,35,124,33,120,30,160,27,108,25,124,23,200,21,12,21,252,21,40,24,252,26,20,30,124,32,104,34,88,36,116,37,248,36,16,35,112,32,52,29,132,26,140,24,176,22,64,21,1,0
0,33,33,134,92,21,196,22,96,25,120,28,76,31,100,33,48,35,0,37,108,37,112,36,36,34,56,31,28,28,212,25,220,23,0,22,244,20,144,21,128,23,96,26,132,29,4,32,0,34,212,35,68,37,60,37,188,35,32,33,248,29,20,27,0,25,12,23,128,21,24,21,72,22,192,24,164,27,180,30,212,32,224,34,156,36,140,37,168,36,164,34,188,31,164,28,56,26,72,24,112,22,16,21,1,0
0,33,33,134,76,21,0,23,228,25,232,28,168,31,168,33,120,35,32,37,96,37,244,35,132,33,176,30,160,27,60,25,124,23,176,21,0,21,220,21,248,23,220,26,236,29,96,32,108,34,104,36,128,37,236,36,36,35,80,32,40,29,120,26,132,24,152,22,36,21,20,21,144,22,56,25,60,28,28,31,60,33,52,35,24,37,104,37,88,36,220,33,16,31,248,27,176,25,220,23,212,21,8,21,1,0
0,33,33,134,164,21,156,23,108,26,132,29,4,32,244,33,224,35,76,37,36,37,160,35,220,32,224,29,8,27,248,24,36,23,100,21,28,21,96,22,176,24,172,27,176,30,244,32,228,34,208,36,136,37,208,36,156,34,176,31,152,28,228,25,252,23,40,22,16,21,100,21,36,23,216,25,248,28,180,31,156,33,136,35,36,37,60,37,236,35,120,33,116,30,160,27,96,25,108,23,156,21,20,21,1,0
0,33,33,134,0,22,36,24,36,27,12,30,144,32,124,34,112,36,128,37,252,36,48,35,108,32,60,29,160,26,140,24,200,22,56,21,60,21,208,22,44,25,84,28,64,31,68,33,48,35,16,37,168,37,136,36,36,34,72,31,48,28,8,26,252,23,12,22,12,21,176,21,156,23,92,26,132,29,12,32,32,34,8,36,116,37,48,37,148,35,244,32,0,30,16,27,4,25,32,23,96,21,28,21,1,0
0,33,33,134,60,22,160,24,136,27,160,30,220,32,164,34,132,36,100,37,168,36,172,34,200,31,188,28,52,26,44,24,60,22,252,20,56,21,216,22,144,25,156,28,112,31,144,33,136,35,64,37,60,37,8,36,132,33,128,30,144,27,60,25,96,23,144,21,0,21,240,21,4,24,228,26,244,29,132,32,60,34,76,36,116,37,4,37,56,35,104,32,96,29,164,26,148,24,192,22,44,21,20,21,1,0
0,33,33,134,160,22,28,25,40,28,28,31,64,33,52,35,4,37,168,37,148,36,64,34,96,31,68,28,196,25,220,23,240,21,244,20,144,21,124,23,96,26,96,29,248,31,4,34,220,35,84,37,76,37,184,35,24,33,252,29,36,27,20,25,44,23,132,21,244,20,40,22,124,24,124,27,132,30,208,32,204,34,168,36,140,37,168,36,168,34,208,31,148,28,48,26,48,24,88,22,16,21,64,21,1,0
0,33,33,134,252,22,140,25,188,28,116,31,124,33,96,35,28,37,84,37,48,36,160,33,164,30,184,27,128,25,140,23,168,21,236,20,208,21,220,23,212,26,220,29,84,32,76,34,76,36,128,37,16,37,68,35,160,32,88,29,160,26,164,24,172,22,32,21,12,21,116,22,12,25,28,28,4,31,40,33,0,35,224,36,116,37,76,36,60,34,76,31,100,28,236,25,16,24,252,21,28,21,160,21,1,0
0,33,33,134,124,23,76,26,120,29,4,32,252,33,240,35,72,37,56,37,164,35,40,33,12,30,48,27,32,25,44,23,92,21,236,20,252,21,96,24,104,27,84,30,160,32,128,34,160,36,116,37,196,36,188,34,236,31,196,28,48,26,72,24,60,22,240,20,52,21,236,22,132,25,152,28,128,31,128,33,116,35,40,37,128,37,24,36,196,33,192,30,164,27,92,25,140,23,160,21,228,20,208,21,1,0
0,33,33,134,220,23,212,26,232,29,100,32,68,34,76,36,100,37,248,36,96,35,140,32,144,29,220,26,196,24,200,22,68,21,36,21,136,22,52,25,36,28,252,30,52,33,52,35,252,36,136,37,164,36,92,34,92,31,100,28,228,25,252,23,8,22,16,21,128,21,104,23,32,26,64,29,232,31,232,33,236,35,116,37,96,37,208,35,96,33,48,30,72,27,36,25,64,23,144,21,244,20,4,22,1,0
0,33,33,134,108,24,120,27,88,30,176,32,176,34,164,36,148,37,0,37,16,35,44,32,48,29,100,26,100,24,92,22,0,21,48,21,204,22,76,25,132,28,72,31,128,33,124,35,36,37,116,37,80,36,204,33,232,30,224,27,140,25,196,23,0,22,36,21,196,21,236,23,204,26,224,29,68,32,28,34,76,36,136,37,28,37,100,35,144,32,124,29,204,26,196,24,204,22,64,21,48,21,140,22,1,0
0,33,33,134,232,24,4,28,248,30,16,33,0,35,232,36,152,37,160,36,128,34,112,31,112,28,236,25,248,23,12,22,236,20,108,21,88,23,36,26,28,29,224,31,240,33,228,35,128,37,112,37,216,35,72,33,32,30,68,27,16,25,20,23,76,21,248,20,28,22,156,24,104,27,96,30,176,32,128,34,144,36,116,37,0,37,236,34,24,32,248,28,80,26,60,24,96,22,8,21,56,21,200,22,1,0
0,33,33,134,104,25,124,28,92,31,100,33,132,35,64,37,112,37,36,36,216,33,220,30,196,27,140,25,164,23,192,21,232,20,196,21,188,23,188,26,188,29,84,32,60,34,64,36,112,37,52,37,148,35,208,32,192,29,0,27,212,24,236,22,72,21,28,21,104,22,228,24,244,27,220,30,24,33,244,34,212,36,148,37,164,36,108,34,152,31,28,28,8,26,252,23,8,22,228,20,108,21,76,23,1,0
0,33,33,134,32,26,32,29,208,31,188,33,208,35,60,37,72,37,240,35,56,33,48,30,76,27,32,25,80,23,136,21,4,21,16,22,68,24,88,27,88,30,164,32,136,34,128,36,96,37,224,36,228,34,20,32,8,29,84,26,100,24,100,22,8,21,20,21,148,22,88,25,104,28,48,31,96,33,52,35,244,36,92,37,96,36,8,34,4,31,236,27,148,25,188,23,200,21,4,21,204,21,224,23,1,0
0,33,33,134,156,26,180,29,72,32,88,34,96,36,140,37,60,37,132,35,204,32,188,29,220,26,244,24,4,23,96,21,8,21,68,22,204,24,228,27,204,30,8,33,244,34,228,36,120,37,160,36,120,34,108,31,80,28,240,25,16,24,24,22,8,21,128,21,44,23,228,25,252,28,176,31,192,33,180,35,76,37,120,37,0,36,128,33,116,30,120,27,96,25,108,23,168,21,4,21,8,22,56,24,1,0
0,33,33,134,36,27,64,30,176,32,164,34,152,36,140,37,4,37,28,35,96,32,40,29,128,26,124,24,160,22,36,21,28,21,172,22,72,25,100,28,80,31,112,33,108,35,28,37,140,37,100,36,28,34,0,31,12,28,172,25,208,23,224,21,240,20,172,21,196,23,152,26,184,29,64,32,48,34,56,36,144,37,92,37,164,35,248,32,212,29,8,27,220,24,224,22,64,21,16,21,76,22,172,24,1,0
0,33,33,134,184,27,192,30,8,33,240,34,220,36,172,37,216,36,208,34,184,31,196,28,60,26,92,24,100,22,64,21,132,21,96,23,252,25,20,29,204,31,208,33,212,35,96,37,84,37,32,36,192,33,144,30,156,27,104,25,108,23,160,21,252,20,240,21,52,24,36,27,64,30,148,32,132,34,128,36,172,37,44,37,96,35,152,32,124,29,216,26,204,24,192,22,60,21,52,21,192,22,60,25,1,0
0,33,33,134,52,28,28,31,88,33,104,35,40,37,200,37,140,36,100,34,60,31,72,28,204,25,248,23,252,21,20,21,184,21,152,23,128,26,136,29,32,32,44,34,44,36,136,37,100,37,192,35,28,33,252,29,8,27,0,25,32,23,116,21,4,21,64,22,184,24,196,27,176,30,232,32,232,34,196,36,176,37,252,36,188,34,200,31,188,28,52,26,68,24,72,22,244,20,104,21,52,23,8,26,1,0
0,33,33,134,20,29,228,31,192,33,224,35,100,37,124,37,24,36,136,33,144,30,156,27,128,25,144,23,164,21,36,21,8,22,84,24,96,27,96,30,204,32,192,34,176,36,192,37,44,37,60,35,156,32,124,29,192,26,196,24,184,22,64,21,96,21,192,22,96,25,116,28,96,31,96,33,68,35,32,37,120,37,116,36,44,34,60,31,164,27,220,25,220,23,16,22,4,21,192,21,204,23,128,26,1,0
0,33,33,134,140,29,48,32,52,34,28,36,140,37,104,37,176,35,4,33,220,29,32,27,0,25,252,22,76,21,4,21,52,22,176,24,180,27,196,30,0,33,8,35,0,37,160,37,192,36,160,34,180,31,176,28,12,26,36,24,32,22,220,20,72,21,32,23,228,25,0,29,192,31,192,33,156,35,84,37,108,37,16,36,148,33,148,30,172,27,128,25,116,23,156,21,24,21,16,22,64,24,40,27,1,0
0,33,33,134,44,30,132,32,124,34,152,36,192,37,52,37,96,35,128,32,76,29,152,26,148,24,168,22,64,21,64,21,176,22,56,25,80,28,28,31,48,33,72,35,16,37,112,37,96,36,4,34,24,31,4,28,192,25,228,23,248,21,252,20,160,21,148,23,124,26,124,29,32,32,12,34,32,36,144,37,76,37,184,35,0,33,220,29,52,27,248,24,248,22,88,21,244,20,64,22,160,24,168,27,1,0
0,33,33,134,192,30,248,32,232,34,240,36,196,37,244,36,180,34,224,31,176,28,56,26,52,24,64,22,16,21,96,21,16,23,228,25,224,28,200,31,216,33,188,35,104,37,116,37,40,36,160,33,152,30,140,27,60,25,88,23,148,21,0,21,0,22,48,24,28,27,56,30,152,32,160,34,140,36,156,37,20,37,28,35,92,32,88,29,200,26,184,24,168,22,72,21,80,21,196,22,44,25,88,28,1,0
0,33,33,134,52,31,88,33,60,35,32,37,176,37,136,36,60,34,32,31,20,28,172,25,208,23,224,21,236,20,164,21,172,23,140,26,140,29,48,32,64,34,24,36,120,37,64,37,164,35,16,33,224,29,8,27,232,24,4,23,96,21,24,21,68,22,176,24,200,27,192,30,196,32,200,34,184,36,116,37,176,36,132,34,172,31,172,28,252,25,36,24,28,22,236,20,80,21,64,23,196,25,240,28,1,0
0,33,33,134,168,31,160,33,144,35,80,37,128,37,236,35,152,33,108,30,132,27,88,25,112,23,112,21,216,20,208,21,40,24,240,26,4,30,128,32,108,34,136,36,124,37,24,37,52,35,84,32,48,29,164,26,160,24,176,22,52,21,48,21,172,22,48,25,60,28,44,31,104,33,72,35,24,37,152,37,100,36,64,34,56,31,40,28,156,25,172,23,224,21,248,20,132,21,152,23,112,26,144,29,1,0
0,33,33,134,32,32,28,34,0,36,104,37,56,37,168,35,252,32,216,29,0,27,240,24,12,23,72,21,240,20,44,22,176,24,160,27,160,30,204,32,220,34,220,36,204,37,0,37,224,34,244,31,196,28,80,26,60,24,88,22,244,20,88,21,32,23,232,25,12,29,208,31,232,33,228,35,108,37,152,37,60,36,188,33,172,30,192,27,128,25,132,23,156,21,228,20,204,21,4,24,4,27,32,30,1,0
0,33,33,134,156,32,144,34,96,36,144,37,252,36,52,35,136,32,120,29,200,26,200,24,180,22,36,21,28,21,156,22,52,25,80,28,252,30,36,33,52,35,24,37,160,37,144,36,32,34,64,31,44,28,224,25,236,23,236,21,4,21,144,21,120,23,52,26,100,29,248,31,236,33,0,36,116,37,100,37,212,35,48,33,20,30,40,27,252,24,248,22,76,21,244,20,28,22,152,24,172,27,156,30,1,0
0,33,33,134,204,32,224,34,232,36,192,37,232,36,228,34,240,31,184,28,48,26,40,24,52,22,236,20,68,21,0,23,184,25,212,28,148,31,172,33,160,35,60,37,128,37,76,36,192,33,152,30,160,27,96,25,128,23,140,21,224,20,176,21,248,23,188,26,228,29,120,32,104,34,116,36,152,37,20,37,56,35,132,32,108,29,180,26,184,24,188,22,60,21,64,21,180,22,60,25,104,28,68,31,1,0
0,33,33,134,132,33,108,35,52,37,180,37,204,36,124,34,84,31,68,28,208,25,212,23,204,21,248,20,172,21,148,23,128,26,156,29,76,32,36,34,40,36,116,37,100,37,208,35,60,33,40,30,80,27,24,25,44,23,112,21,20,21,64,22,164,24,180,27,180,30,244,32,244,34,248,36,188,37,244,36,8,35,0,32,220,28,76,26,76,24,88,22,244,20,52,21,8,23,172,25,224,28,156,31,1,0
0,33,33,134,184,33,188,35,104,37,192,37,96,36,200,33,176,30,200,27,116,25,136,23,144,21,228,20,200,21,12,24,12,27,48,30,156,32,140,34,172,36,184,37,96,37,120,35,188,32,160,29,216,26,164,24,124,22,32,21,12,21,108,22,44,25,48,28,16,31,64,33,64,35,32,37,120,37,116,36,64,34,48,31,60,28,192,25,224,23,0,22,232,20,120,21,148,23,124,26,160,29,64,32,1,0
0,33,33,134,40,34,56,36,156,37,116,37,228,35,56,33,64,30,64,27,252,24,36,23,68,21,228,20,48,22,144,24,160,27,140,30,220,32,220,34,216,36,156,37,224,36,220,34,220,31,228,28,92,26,84,24,88,22,56,21,96,21,32,23,208,25,220,28,160,31,196,33,164,35,88,37,152,37,96,36,224,33,180,30,192,27,136,25,128,23,180,21,8,21,232,21,48,24,40,27,20,30,128,32,1,0
0,33,33,134,124,34,136,36,172,37,68,37,60,35,124,32,88,29,168,26,160,24,140,22,16,21,8,21,128,22,48,25,44,28,244,30,64,33,88,35,16,37,160,37,156,36,108,34,88,31,104,28,220,25,236,23,220,21,236,20,124,21,100,23,84,26,104,29,244,31,4,34,248,35,108,37,92,37,224,35,48,33,28,30,4,27,252,24,12,23,104,21,236,20,252,21,112,24,116,27,100,30,224,32,1,0
0,33,33,134,200,34,196,36,160,37,252,36,244,34,12,32,224,28,96,26,92,24,96,22,8,21,44,21,228,22,160,25,192,28,144,31,192,33,164,35,104,37,176,37,128,36,184,33,232,30,232,27,168,25,152,23,164,21,240,20,208,21,240,23,232,26,236,29,100,32,124,34,108,36,192,37,60,37,124,35,176,32,160,29,0,27,240,24,228,22,56,21,32,21,160,22,12,25,28,28,60,31,96,33,1,0
0,33,33,134,108,35,96,37,244,37,252,36,188,34,184,31,144,28,28,26,24,24,12,22,252,20,108,21,76,23,40,26,60,29,248,31,0,34,252,35,124,37,144,37,248,35,68,33,36,30,68,27,12,25,24,23,108,21,240,20,12,22,68,24,112,27,116,30,208,32,184,34,208,36,184,37,236,36,252,34,32,32,244,28,108,26,112,24,96,22,16,21,64,21,236,22,156,25,212,28,148,31,172,33,1,0
0,33,33,134,160,35,88,37,180,37,108,36,252,33,252,30,224,27,132,25,128,23,192,21,0,21,192,21,204,23,184,26,224,29,140,32,112,34,104,36,208,37,120,37,204,35,240,32,212,29,252,26,228,24,236,22,44,21,4,21,100,22,220,24,220,27,228,30,28,33,16,35,16,37,200,37,196,36,140,34,152,31,128,28,228,25,12,24,0,22,232,20,96,21,80,23,48,26,56,29,220,31,232,33,1,0
0,33,33,134,8,36,128,37,128,37,0,36,132,33,96,30,108,27,56,25,44,23,112,21,248,20,32,22,96,24,128,27,128,30,236,32,228,34,216,36,212,37,64,37,100,35,96,32,60,29,128,26,128,24,140,22,64,21,76,21,236,22,136,25,156,28,128,31,152,33,124,35,88,37,176,37,124,36,16,34,0,31,248,27,172,25,192,23,208,21,248,20,220,21,216,23,224,26,240,29,128,32,96,34,1,0
0,33,33,134,120,36,208,37,128,37,176,35,228,32,196,29,236,26,212,24,224,22,52,21,0,21,92,22,228,24,0,28,0,31,44,33,48,35,36,37,188,37,224,36,164,34,164,31,148,28,28,26,64,24,36,22,0,21,132,21,100,23,24,26,80,29,16,32,248,33,236,35,128,37,152,37,12,36,132,33,84,30,128,27,48,25,76,23,136,21,12,21,252,21,60,24,92,27,96,30,188,32,180,34,1,0
0,33,33,134,204,36,156,37,32,37,28,35,56,32,24,29,120,26,124,24,124,22,32,21,56,21,188,22,120,25,184,28,144,31,160,33,156,35,96,37,160,37,92,36,20,34,236,30,0,28,164,25,160,23,168,21,248,20,204,21,208,23,228,26,244,29,128,32,112,34,148,36,188,37,120,37,160,35,216,32,160,29,184,26,192,24,140,22,248,20,240,20,60,22,204,24,244,27,228,30,36,33,56,35,1,0
0,33,33,134,40,37,208,37,216,36,124,34,136,31,72,28,232,25,244,23,252,21,216,20,108,21,84,23,68,26,96,29,4,32,12,34,40,36,156,37,124,37,8,36,132,33,84,30,96,27,60,25,68,23,108,21,4,21,4,22,100,24,100,27,128,30,224,32,204,34,232,36,220,37,80,37,28,35,48,32,252,28,116,26,84,24,80,22,236,20,28,21,244,22,132,25,188,28,156,31,184,33,224,35,1,0
0,33,33,134,88,37,140,37,116,36,32,34,24,31,16,28,160,25,200,23,196,21,252,20,200,21,0,24,228,26,4,30,156,32,152,34,160,36,224,37,128,37,172,35,248,32,208,29,0,27,212,24,224,22,92,21,56,21,124,22,252,24,16,28,244,30,68,33,52,35,20,37,224,37,192,36,148,34,172,31,132,28,244,25,16,24,252,21,12,21,156,21,128,23,68,26,84,29,32,32,32,34,28,36,1,0
0,33,33,134,156,37,140,37,20,36,128,33,84,30,112,27,64,25,48,23,92,21,240,20,24,22,112,24,124,27,144,30,240,32,204,34,220,36,176,37,12,37,248,34,28,32,0,29,132,26,108,24,76,22,28,21,96,21,228,22,172,25,188,28,168,31,180,33,196,35,124,37,208,37,152,36,36,34,236,30,248,27,192,25,208,23,188,21,252,20,192,21,204,23,172,26,212,29,108,32,132,34,160,36,1,0
0,33,33,134,180,37,92,37,140,35,188,32,164,29,196,26,180,24,192,22,16,21,24,21,120,22,252,24,32,28,44,31,92,33,96,35,72,37,220,37,220,36,192,34,160,31,120,28,240,25,236,23,224,21,220,20,112,21,56,23,28,26,64,29,240,31,12,34,48,36,192,37,164,37,48,36,128,33,88,30,100,27,48,25,64,23,128,21,244,20,32,22,112,24,124,27,108,30,228,32,180,34,188,36,1,0
0,33,33,134,172,37,0,37,0,35,36,32,252,28,96,26,104,24,84,22,0,21,72,21,240,22,156,25,208,28,168,31,188,33,204,35,120,37,184,37,108,36,252,33,220,30,228,27,116,25,136,23,152,21,232,20,196,21,232,23,232,26,4,30,128,32,128,34,132,36,172,37,96,37,140,35,176,32,168,29,232,26,200,24,196,22,40,21,32,21,128,22,0,25,32,28,48,31,116,33,108,35,60,37,1,0
0,33,33,134,200,37,208,36,116,34,148,31,88,28,0,26,220,23,228,21,248,20,160,21,116,23,96,26,124,29,20,32,60,34,80,36,188,37,140,37,16,36,100,33,80,30,116,27,32,25,44,23,104,21,0,21,32,22,132,24,136,27,160,30,252,32,228,34,240,36,188,37,12,37,0,35,20,32,240,28,40,26,52,24,60,22,236,20,60,21,12,23,172,25,200,28,152,31,192,33,184,35,132,37,1,0
0,33,33,134,184,37,96,36,196,33,204,30,176,27,144,25,156,23,192,21,240,20,224,21,240,23,0,27,40,30,152,32,156,34,156,36,216,37,128,37,136,35,128,32,160,29,248,26,204,24,172,22,24,21,32,21,164,22,40,25,76,28,28,31,96,33,108,35,64,37,204,37,212,36,120,34,140,31,76,28,228,25,4,24,4,22,248,20,144,21,136,23,112,26,108,29,252,31,28,34,84,36,192,37,1,0
0,33,33,134,132,37,240,35,104,33,60,30,96,27,24,25,20,23,112,21,252,20,60,22,156,24,168,27,176,30,252,32,220,34,240,36,196,37,36,37,244,34,252,31,236,28,80,26,76,24,84,22,16,21,128,21,20,23,216,25,8,29,220,31,224,33,220,35,140,37,200,37,108,36,0,34,204,30,212,27,132,25,148,23,136,21,224,20,204,21,16,24,248,26,52,30,164,32,140,34,180,36,220,37,1,0
0,33,33,134,88,37,160,35,172,32,108,29,180,26,160,24,148,22,40,21,8,21,184,22,64,25,68,28,60,31,144,33,128,35,124,37,4,38,208,36,124,34,76,31,28,28,196,25,208,23,200,21,220,20,116,21,128,23,76,26,132,29,60,32,56,34,56,36,156,37,128,37,248,35,76,33,80,30,68,27,4,25,0,23,28,21,244,20,36,22,164,24,176,27,160,30,8,33,248,34,32,37,224,37,1,0
0,33,33,134,16,37,4,35,252,31,240,28,84,26,68,24,60,22,16,21,60,21,0,23,196,25,224,28,164,31,200,33,236,35,148,37,200,37,128,36,8,34,224,30,216,27,156,25,168,23,172,21,12,21,8,22,24,24,24,27,40,30,172,32,180,34,172,36,180,37,92,37,136,35,172,32,140,29,204,26,156,24,160,22,12,21,252,20,92,22,8,25,84,28,52,31,92,33,104,35,60,37,216,37,1,0
0,33,33,134,236,36,164,34,164,31,160,28,8,26,240,23,16,22,240,20,140,21,140,23,100,26,128,29,36,32,40,34,72,36,192,37,156,37,248,35,84,33,48,30,36,27,252,24,244,22,76,21,216,20,36,22,176,24,192,27,192,30,12,33,12,35,16,37,216,37,44,37,24,35,40,32,244,28,80,26,88,24,60,22,244,20,48,21,248,22,168,25,216,28,140,31,208,33,240,35,160,37,0,38,1,0
0,33,33,134,124,36,12,34,232,30,244,27,160,25,148,23,160,21,204,20,184,21,236,23,228,26,244,29,108,32,116,34,132,36,208,37,120,37,164,35,244,32,172,29,208,26,156,24,184,22,32,21,240,20,100,22,8,25,28,28,16,31,96,33,80,35,32,37,224,37,228,36,168,34,144,31,104,28,204,25,232,23,204,21,240,20,124,21,100,23,104,26,132,29,8,32,32,34,60,36,172,37,156,37,1,0
0,33,33,134,24,36,92,33,44,30,68,27,32,25,12,23,84,21,4,21,40,22,108,24,120,27,144,30,236,32,0,35,248,36,196,37,12,37,8,35,200,31,244,28,104,26,128,24,112,22,24,21,68,21,232,22,152,25,204,28,140,31,156,33,180,35,84,37,172,37,104,36,248,33,220,30,220,27,136,25,156,23,156,21,200,20,160,21,220,23,232,26,240,29,172,32,124,34,180,36,188,37,116,37,1,0
0,33,33,134,168,35,228,32,192,29,212,26,204,24,156,22,24,21,240,20,104,22,244,24,252,27,24,31,56,33,96,35,68,37,240,37,248,36,168,34,164,31,140,28,0,26,0,24,236,21,232,20,108,21,56,23,28,26,108,29,16,32,40,34,48,36,164,37,148,37,12,36,112,33,72,30,96,27,40,25,28,23,56,21,180,20,196,21,52,24,92,27,108,30,212,32,4,35,240,36,196,37,8,37,1,0
0,33,33,134,48,35,56,32,32,29,108,26,76,24,72,22,244,20,52,21,212,22,128,25,172,28,156,31,192,33,192,35,100,37,188,37,128,36,236,33,220,30,224,27,124,25,144,23,144,21,240,20,168,21,204,23,180,26,0,30,124,32,128,34,124,36,216,37,112,37,196,35,232,32,184,29,248,26,228,24,224,22,64,21,0,21,124,22,0,25,24,28,40,31,92,33,112,35,84,37,216,37,232,36,1,0
0,33,33,134,128,34,128,31,84,28,212,25,220,23,212,21,188,20,76,21,52,23,48,26,88,29,4,32,20,34,16,36,160,37,144,37,12,36,108,33,72,30,88,27,48,25,32,23,84,21,220,20,16,22,96,24,124,27,132,30,4,33,0,35,0,37,236,37,48,37,32,35,20,32,8,29,92,26,104,24,84,22,240,20,44,21,216,22,164,25,160,28,144,31,200,33,200,35,136,37,204,37,124,36,1,0
0,33,33,134,28,34,240,30,224,27,136,25,156,23,164,21,252,20,216,21,252,23,224,26,244,29,112,32,136,34,148,36,204,37,144,37,176,35,180,32,148,29,208,26,224,24,188,22,44,21,0,21,124,22,20,25,44,28,20,31,92,33,128,35,44,37,212,37,204,36,140,34,164,31,120,28,16,26,8,24,24,22,252,20,128,21,136,23,72,26,124,29,36,32,64,34,60,36,192,37,156,37,36,36,1,0
0,33,33,134,128,33,112,30,112,27,44,25,44,23,72,21,228,20,48,22,164,24,184,27,188,30,32,33,16,35,248,36,236,37,40,37,24,35,32,32,12,29,112,26,60,24,88,22,252,20,44,21,236,22,180,25,224,28,192,31,184,33,224,35,176,37,224,37,108,36,240,33,232,30,228,27,120,25,128,23,140,21,8,21,196,21,0,24,236,26,0,30,108,32,136,34,180,36,228,37,116,37,152,35,1,0
0,33,33,134,216,32,176,29,252,26,204,24,204,22,72,21,24,21,148,22,60,25,76,28,44,31,124,33,128,35,80,37,216,37,180,36,144,34,20,31,76,28,216,25,224,23,224,21,232,20,132,21,112,23,96,26,128,29,64,32,76,34,88,36,200,37,188,37,44,36,152,33,92,30,128,27,76,25,56,23,132,21,8,21,68,22,176,24,192,27,180,30,40,33,24,35,56,37,236,37,44,37,252,34,1,0
0,33,33,134,36,32,248,28,100,26,92,24,76,22,0,21,52,21,252,22,196,25,224,28,176,31,200,33,204,35,140,37,196,37,112,36,4,34,236,30,204,27,136,25,120,23,164,21,252,20,212,21,24,24,252,26,48,30,176,32,196,34,188,36,240,37,144,37,160,35,216,32,192,29,0,27,232,24,168,22,32,21,32,21,140,22,40,25,36,28,64,31,124,33,132,35,68,37,240,37,216,36,148,34,1,0
0,33,33,134,136,31,132,28,248,25,220,23,232,21,224,20,128,21,132,23,100,26,128,29,52,32,92,34,68,36,188,37,188,37,48,36,132,33,76,30,96,27,12,25,240,22,52,21,208,20,8,22,124,24,188,27,196,30,12,33,24,35,28,37,16,38,64,37,40,35,36,32,0,29,108,26,92,24,96,22,16,21,64,21,0,23,172,25,228,28,208,31,244,33,8,36,172,37,248,37,168,36,8,34,1,0
0,33,33,134,248,30,216,27,152,25,132,23,132,21,220,20,180,21,216,23,240,26,12,30,132,32,160,34,160,36,204,37,120,37,136,35,200,32,136,29,196,26,160,24,160,22,4,21,0,21,104,22,16,25,56,28,72,31,112,33,128,35,100,37,244,37,228,36,128,34,100,31,96,28,212,25,188,23,204,21,180,20,84,21,124,23,100,26,140,29,40,32,60,34,52,36,168,37,192,37,64,36,120,33,1,0
0,33,33,134,88,30,92,27,56,25,48,23,108,21,16,21,28,22,156,24,172,27,176,30,4,33,252,34,236,36,232,37,40,37,32,35,40,32,24,29,144,26,108,24,92,22,12,21,76,21,0,23,192,25,236,28,196,31,228,33,216,35,128,37,192,37,120,36,252,33,228,30,220,27,120,25,160,23,140,21,240,20,196,21,240,23,240,26,8,30,136,32,128,34,164,36,220,37,124,37,164,35,224,32,1,0
0,33,33,134,192,29,240,26,208,24,196,22,56,21,12,21,160,22,40,25,68,28,40,31,136,33,96,35,88,37,232,37,228,36,156,34,124,31,96,28,248,25,228,23,16,22,228,20,112,21,88,23,56,26,100,29,20,32,44,34,60,36,204,37,192,37,64,36,128,33,104,30,128,27,248,24,36,23,84,21,220,20,4,22,116,24,132,27,152,30,232,32,244,34,240,36,224,37,44,37,52,35,52,32,1,0
0,33,33,134,28,29,108,26,128,24,100,22,0,21,20,21,192,22,128,25,164,28,156,31,204,33,188,35,116,37,204,37,124,36,16,34,236,30,252,27,152,25,156,23,156,21,180,20,152,21,172,23,212,26,220,29,140,32,136,34,132,36,208,37,112,37,156,35,228,32,176,29,0,27,220,24,200,22,4,21,236,20,92,22,240,24,20,28,12,31,60,33,64,35,68,37,196,37,204,36,156,34,164,31,1,0
0,33,33,134,140,28,20,26,252,23,4,22,220,20,100,21,60,23,28,26,80,29,252,31,20,34,64,36,156,37,184,37,60,36,192,33,144,30,128,27,80,25,72,23,84,21,220,20,36,22,124,24,124,27,132,30,208,32,224,34,220,36,184,37,68,37,72,35,96,32,40,29,144,26,104,24,128,22,16,21,28,21,232,22,124,25,144,28,140,31,132,33,156,35,100,37,224,37,192,36,56,34,24,31,1,0
0,33,33,134,20,28,164,25,176,23,168,21,224,20,164,21,180,23,164,26,208,29,60,32,124,34,132,36,224,37,124,37,212,35,12,33,188,29,8,27,224,24,228,22,56,21,252,20,84,22,204,24,252,27,32,31,80,33,92,35,52,37,232,37,0,37,172,34,168,31,144,28,244,25,236,23,228,21,188,20,60,21,48,23,240,25,56,29,240,31,0,34,20,36,136,37,160,37,36,36,128,33,60,30,1,0
0,33,33,134,100,27,36,25,32,23,64,21,192,20,216,21,64,24,100,27,140,30,236,32,232,34,252,36,16,38,88,37,96,35,96,32,64,29,152,26,96,24,112,22,248,20,48,21,200,22,140,25,160,28,124,31,176,33,172,35,132,37,204,37,144,36,52,34,12,31,0,28,160,25,144,23,168,21,232,20,176,21,172,23,188,26,208,29,104,32,96,34,116,36,184,37,92,37,192,35,220,32,196,29,1,0
0,33,33,134,220,26,224,24,204,22,32,21,0,21,100,22,224,24,20,28,12,31,76,33,60,35,64,37,236,37,212,36,160,34,156,31,124,28,244,25,0,24,0,22,224,20,96,21,96,23,64,26,96,29,32,32,48,34,36,36,176,37,200,37,12,36,108,33,128,30,100,27,52,25,64,23,112,21,228,20,4,22,76,24,120,27,108,30,220,32,204,34,208,36,196,37,252,36,32,35,48,32,12,29,1,0
0,33,33,134,104,26,80,24,72,22,216,20,16,21,200,22,136,25,172,28,160,31,204,33,184,35,160,37,208,37,140,36,36,34,28,31,16,28,168,25,192,23,176,21,240,20,156,21,184,23,212,26,0,30,124,32,144,34,168,36,232,37,132,37,208,35,220,32,224,29,0,27,156,24,236,22,56,21,24,21,128,22,8,25,60,28,12,31,100,33,96,35,64,37,216,37,228,36,140,34,148,31,128,28,1,0
0,33,33,134,0,26,216,23,240,21,228,20,92,21,96,23,52,26,112,29,16,32,32,34,40,36,192,37,168,37,24,36,128,33,76,30,88,27,32,25,12,23,68,21,204,20,228,21,76,24,88,27,104,30,240,32,236,34,248,36,232,37,76,37,56,35,68,32,252,28,108,26,80,24,64,22,0,21,48,21,236,22,140,25,216,28,156,31,204,33,232,35,192,37,224,37,140,36,32,34,4,31,240,27,1,0
0,33,33,134,168,25,124,23,176,21,240,20,176,21,196,23,216,26,4,30,148,32,120,34,124,36,188,37,104,37,176,35,232,32,156,29,224,26,192,24,164,22,248,20,236,20,92,22,240,24,32,28,20,31,88,33,132,35,96,37,248,37,248,36,180,34,192,31,140,28,12,26,12,24,0,22,216,20,96,21,60,23,60,26,96,29,12,32,28,34,48,36,176,37,172,37,48,36,108,33,64,30,132,27,1,0
0,33,33,134,84,25,52,23,116,21,236,20,24,22,76,24,124,27,140,30,8,33,16,35,12,37,244,37,76,37,80,35,80,32,8,29,104,26,68,24,88,22,228,20,44,21,224,22,140,25,192,28,160,31,200,33,220,35,152,37,248,37,164,36,64,34,252,30,24,28,184,25,176,23,192,21,200,20,164,21,224,23,228,26,20,30,124,32,144,34,172,36,236,37,156,37,224,35,248,32,216,29,252,26,1,0
0,33,33,134,240,24,228,22,20,21,24,21,116,22,0,25,44,28,32,31,92,33,120,35,88,37,4,38,0,37,188,34,200,31,184,28,28,26,24,24,40,22,240,20,104,21,76,23,60,26,84,29,28,32,40,34,56,36,172,37,172,37,52,36,176,33,128,30,136,27,80,25,88,23,104,21,0,21,4,22,104,24,128,27,156,30,8,33,252,34,244,36,20,38,128,37,112,35,144,32,80,29,128,26,1,0
0,33,33,134,128,24,120,22,8,21,24,21,188,22,124,25,136,28,132,31,188,33,192,35,124,37,204,37,152,36,52,34,20,31,8,28,156,25,192,23,196,21,224,20,140,21,180,23,220,26,8,30,116,32,112,34,124,36,224,37,160,37,220,35,4,33,232,29,8,27,224,24,196,22,32,21,228,20,96,22,228,24,20,28,44,31,108,33,52,35,28,37,220,37,244,36,176,34,196,31,148,28,32,26,1,0
0,33,33,134,16,24,244,21,224,20,68,21,36,23,248,25,48,29,224,31,12,34,56,36,188,37,224,37,72,36,164,33,144,30,128,27,72,25,92,23,128,21,0,21,32,22,104,24,132,27,172,30,4,33,0,35,4,37,44,38,80,37,88,35,80,32,28,29,140,26,120,24,100,22,20,21,48,21,224,22,160,25,172,28,152,31,204,33,204,35,132,37,224,37,148,36,20,34,36,31,4,28,172,25,1,0
0,33,33,134,180,23,176,21,228,20,192,21,196,23,200,26,240,29,128,32,140,34,148,36,224,37,112,37,192,35,0,33,188,29,0,27,228,24,208,22,4,21,228,20,96,22,232,24,8,28,16,31,72,33,80,35,80,37,0,38,232,36,164,34,168,31,116,28,248,25,240,23,220,21,224,20,76,21,96,23,48,26,112,29,32,32,36,34,28,36,200,37,184,37,24,36,92,33,80,30,76,27,32,25,1,0
0,33,33,134,20,23,76,21,228,20,16,22,124,24,160,27,160,30,16,33,32,35,236,36,232,37,68,37,60,35,60,32,12,29,128,26,116,24,88,22,236,20,64,21,240,22,160,25,208,28,140,31,168,33,196,35,128,37,224,37,128,36,12,34,20,31,228,27,164,25,152,23,176,21,228,20,204,21,236,23,204,26,252,29,168,32,188,34,188,36,248,37,160,37,192,35,216,32,192,29,232,26,172,24,1,0
0,33,33,134,216,22,52,21,248,20,92,22,248,24,36,28,64,31,120,33,136,35,120,37,12,38,240,36,156,34,132,31,100,28,0,26,252,23,240,21,208,20,108,21,88,23,52,26,116,29,48,32,52,34,92,36,212,37,192,37,44,36,140,33,100,30,116,27,44,25,72,23,84,21,240,20,252,21,124,24,152,27,156,30,252,32,20,35,32,37,252,37,44,37,36,35,40,32,0,29,120,26,76,24,1,0
0,33,33,134,60,22,252,20,44,21,240,22,156,25,212,28,216,31,236,33,12,36,144,37,196,37,112,36,248,33,236,30,204,27,148,25,140,23,168,21,208,20,168,21,200,23,212,26,40,30,140,32,172,34,188,36,0,38,124,37,156,35,204,32,140,29,228,26,196,24,176,22,12,21,248,20,116,22,252,24,68,28,36,31,76,33,92,35,60,37,196,37,236,36,132,34,112,31,100,28,232,25,232,23,1,0
0,33,33,134,232,21,220,20,120,21,128,23,76,26,136,29,28,32,40,34,80,36,212,37,192,37,28,36,108,33,68,30,80,27,28,25,248,22,64,21,228,20,0,22,120,24,140,27,152,30,0,33,32,35,16,37,220,37,60,37,20,35,8,32,232,28,84,26,92,24,68,22,220,20,52,21,8,23,240,25,244,28,188,31,196,33,240,35,148,37,200,37,160,36,252,33,220,30,208,27,132,25,100,23,1,0
0,33,33,134,128,21,180,20,156,21,228,23,0,27,24,30,164,32,172,34,192,36,224,37,128,37,172,35,208,32,168,29,216,26,172,24,192,22,28,21,28,21,148,22,36,25,72,28,28,31,104,33,128,35,96,37,240,37,232,36,160,34,140,31,84,28,224,25,156,23,196,21,224,20,92,21,120,23,100,26,144,29,48,32,92,34,100,36,232,37,180,37,40,36,88,33,64,30,68,27,36,25,32,23,1,0
0,33,33,134,60,21,204,20,24,22,124,24,180,27,188,30,44,33,48,35,52,37,244,37,36,37,232,34,20,32,168,28,100,26,92,24,76,22,236,20,56,21,244,22,180,25,244,28,188,31,216,33,252,35,140,37,220,37,124,36,248,33,216,30,220,27,108,25,120,23,112,21,200,20,200,21,0,24,12,27,64,30,152,32,200,34,208,36,236,37,112,37,156,35,200,32,148,29,208,26,188,24,164,22,1,0
0,33,33,134,28,21,8,21,136,22,20,25,100,28,80,31,152,33,184,35,132,37,252,37,8,37,144,34,112,31,92,28,224,25,252,23,220,21,220,20,128,21,60,23,44,26,124,29,24,32,24,34,44,36,200,37,180,37,32,36,116,33,60,30,80,27,252,24,16,23,52,21,188,20,4,22,128,24,148,27,196,30,252,32,4,35,12,37,236,37,72,37,28,35,80,32,16,29,96,26,88,24,68,22,1,0
0,33,33,134,244,20,52,21,228,22,180,25,4,29,196,31,220,33,220,35,160,37,240,37,132,36,252,33,236,30,224,27,148,25,124,23,144,21,216,20,176,21,236,23,0,27,32,30,148,32,156,34,164,36,220,37,112,37,184,35,188,32,176,29,188,26,172,24,152,22,236,20,236,20,84,22,240,24,252,27,4,31,96,33,120,35,88,37,244,37,224,36,160,34,124,31,120,28,8,26,232,23,224,21,1,0
0,33,33,134,228,20,136,21,108,23,72,26,112,29,56,32,44,34,96,36,204,37,168,37,36,36,140,33,76,30,96,27,36,25,40,23,92,21,248,20,48,22,108,24,164,27,172,30,40,33,40,35,20,37,24,38,56,37,12,35,28,32,252,28,104,26,68,24,60,22,0,21,48,21,240,22,196,25,232,28,180,31,204,33,0,36,136,37,204,37,144,36,8,34,228,30,196,27,116,25,124,23,184,21,1,0
0,33,33,134,228,20,220,21,236,23,248,26,48,30,160,32,164,34,180,36,252,37,172,37,164,35,204,32,164,29,200,26,156,24,128,22,252,20,8,21,120,22,36,25,100,28,44,31,144,33,136,35,108,37,252,37,0,37,164,34,148,31,112,28,248,25,220,23,228,21,224,20,116,21,100,23,52,26,112,29,36,32,48,34,64,36,204,37,176,37,36,36,112,33,80,30,84,27,72,25,16,23,60,21,1,0
0,33,33,134,216,20,48,22,132,24,184,27,156,30,228,32,0,35,32,37,252,37,100,37,68,35,60,32,32,29,124,26,92,24,72,22,244,20,24,21,220,22,156,25,188,28,164,31,220,33,232,35,144,37,188,37,144,36,16,34,204,30,224,27,128,25,116,23,132,21,204,20,200,21,228,23,248,26,20,30,140,32,176,34,176,36,228,37,132,37,208,35,216,32,152,29,212,26,192,24,156,22,32,21,1,0
0,33,33,134,232,20,108,22,48,25,44,28,60,31,108,33,140,35,96,37,232,37,216,36,128,34,108,31,104,28,204,25,204,23,196,21,224,20,100,21,132,23,92,26,108,29,40,32,32,34,60,36,212,37,200,37,36,36,108,33,92,30,92,27,16,25,24,23,60,21,232,20,32,22,136,24,148,27,192,30,12,33,72,35,28,37,16,38,52,37,16,35,28,32,236,28,76,26,68,24,60,22,220,20,1,0
0,33,33,134,24,21,240,22,164,25,0,29,192,31,220,33,232,35,176,37,224,37,112,36,236,33,240,30,224,27,128,25,120,23,128,21,188,20,164,21,236,23,244,26,4,30,148,32,148,34,164,36,224,37,100,37,136,35,180,32,160,29,220,26,172,24,140,22,16,21,224,20,116,22,48,25,56,28,76,31,136,33,144,35,120,37,28,38,248,36,156,34,132,31,100,28,240,25,212,23,208,21,224,20,1,0
0,33,33,134,104,21,128,23,104,26,136,29,96,32,60,34,68,36,180,37,148,37,252,35,68,33,28,30,64,27,40,25,236,22,64,21,252,20,48,22,192,24,212,27,224,30,68,33,44,35,48,37,0,38,88,37,24,35,40,32,8,29,112,26,92,24,88,22,16,21,44,21,248,22,180,25,240,28,188,31,220,33,16,36,188,37,224,37,120,36,232,33,172,30,176,27,120,25,120,23,120,21,232,20,1,0
0,33,33,134,240,21,20,24,64,27,76,30,184,32,224,34,224,36,240,37,84,37,128,35,192,32,96,29,176,26,128,24,108,22,232,20,236,20,140,22,44,25,92,28,60,31,100,33,144,35,100,37,204,37,208,36,100,34,96,31,28,28,172,25,204,23,200,21,204,20,136,21,144,23,120,26,192,29,60,32,112,34,104,36,212,37,172,37,232,35,56,33,252,29,36,27,0,25,220,22,64,21,236,20,1,0
0,33,33,134,68,22,184,24,216,27,248,30,72,33,72,35,60,37,4,38,48,37,240,34,224,31,156,28,4,26,252,23,236,21,188,20,36,21,252,22,180,25,252,28,224,31,220,33,0,36,152,37,180,37,96,36,184,33,156,30,156,27,80,25,60,23,72,21,180,20,188,21,8,24,20,27,76,30,212,32,232,34,0,37,0,38,128,37,132,35,152,32,104,29,180,26,160,24,132,22,32,21,28,21,1,0
0,33,33,134,176,22,84,25,140,28,100,31,152,33,152,35,124,37,240,37,224,36,100,34,68,31,4,28,196,25,184,23,180,21,196,20,136,21,160,23,168,26,196,29,112,32,112,34,132,36,216,37,176,37,228,35,40,33,24,30,48,27,252,24,228,22,52,21,252,20,108,22,208,24,4,28,0,31,68,33,68,35,72,37,16,38,40,37,232,34,224,31,188,28,20,26,16,24,16,22,192,20,36,21,1,0
0,33,33,134,0,23,224,25,20,29,232,31,0,34,4,36,160,37,188,37,72,36,192,33,168,30,128,27,92,25,64,23,116,21,248,20,220,21,40,24,32,27,88,30,232,32,0,35,0,37,236,37,128,37,144,35,148,32,96,29,172,26,128,24,92,22,248,20,248,20,168,22,56,25,96,28,104,31,164,33,144,35,120,37,236,37,192,36,76,34,60,31,60,28,220,25,188,23,184,21,224,20,152,21,1,0
0,33,33,134,168,23,156,26,172,29,116,32,100,34,108,36,248,37,188,37,236,35,20,33,220,29,32,27,244,24,244,22,36,21,244,20,64,22,200,24,236,27,232,30,76,33,108,35,80,37,252,37,8,37,200,34,224,31,188,28,48,26,12,24,16,22,220,20,72,21,28,23,16,26,64,29,236,31,252,33,40,36,172,37,216,37,60,36,156,33,136,30,152,27,60,25,104,23,116,21,236,20,0,22,1,0
0,33,33,134,80,24,104,27,108,30,224,32,224,34,224,36,248,37,92,37,96,35,108,32,84,29,156,26,136,24,112,22,16,21,16,21,160,22,60,25,112,28,112,31,148,33,188,35,164,37,232,37,188,36,72,34,72,31,48,28,184,25,208,23,224,21,200,20,152,21,196,23,224,26,240,29,108,32,128,34,124,36,224,37,160,37,216,35,4,33,216,29,240,26,204,24,188,22,56,21,12,21,80,22,1,0
