0,33,33,134,244,33,208,30,164,27,108,25,96,23,76,21,172,20,180,21,40,24,60,27,68,30,228,32,20,35,48,37,88,38,220,37,224,35,196,32,128,29,144,26,128,24,76,22,184,20,192,20,100,22,88,25,92,28,140,31,168,33,208,35,196,37,64,38,4,37,152,34,92,31,16,28,200,25,176,23,128,21,160,20,88,21,92,23,128,26,184,29,104,32,136,34,208,36,12,38,232,37,36,36,1,0
0,33,33,134,80,33,12,30,28,27,228,24,172,22,252,20,172,20,4,22,176,24,240,27,228,30,88,33,108,35,192,37,104,38,136,37,48,35,32,32,236,28,64,26,32,24,248,21,184,20,48,21,0,23,220,25,36,29,228,31,32,34,100,36,16,38,28,38,172,36,8,34,184,30,172,27,84,25,32,23,28,21,144,20,124,21,220,23,64,27,56,30,204,32,244,34,36,37,52,38,176,37,192,35,1,0
0,33,33,134,164,32,104,29,156,26,128,24,72,22,196,20,204,20,108,22,36,25,128,28,108,31,176,33,228,35,176,37,24,38,0,37,128,34,88,31,48,28,200,25,108,23,104,21,112,20,44,21,88,23,136,26,172,29,88,32,156,34,240,36,40,38,236,37,28,36,96,33,8,30,20,27,228,24,192,22,224,20,168,20,16,22,132,24,204,27,252,30,100,33,144,35,152,37,68,38,108,37,48,35,1,0
0,33,33,134,8,32,228,28,36,26,16,24,204,21,152,20,252,20,236,22,200,25,36,29,228,31,20,34,84,36,220,37,28,38,168,36,236,33,180,30,140,27,56,25,40,23,48,21,140,20,168,21,0,24,68,27,112,30,224,32,252,34,24,37,44,38,132,37,124,35,112,32,56,29,128,26,112,24,64,22,172,20,228,20,124,22,64,25,96,28,104,31,188,33,236,35,204,37,72,38,248,36,96,34,1,0
0,33,33,134,56,31,4,28,156,25,136,23,124,21,144,20,92,21,148,23,160,26,196,29,84,32,124,34,188,36,60,38,0,38,8,36,64,33,228,29,4,27,188,24,124,22,208,20,176,20,248,21,156,24,192,27,224,30,104,33,128,35,140,37,52,38,76,37,8,35,0,32,164,28,24,26,32,24,232,21,172,20,12,21,220,22,224,25,24,29,252,31,52,34,72,36,16,38,32,38,172,36,232,33,1,0
0,33,33,134,164,30,176,27,64,25,12,23,252,20,112,20,128,21,4,24,44,27,92,30,224,32,32,35,60,37,64,38,164,37,144,35,108,32,96,29,152,26,68,24,52,22,196,20,248,20,144,22,84,25,148,28,124,31,196,33,240,35,244,37,64,38,28,37,140,34,60,31,12,28,176,25,112,23,124,21,156,20,108,21,140,23,180,26,232,29,128,32,192,34,220,36,88,38,220,37,48,36,72,33,1,0
0,33,33,134,16,30,12,27,204,24,164,22,228,20,168,20,8,22,192,24,220,27,16,31,96,33,92,35,136,37,52,38,52,37,252,34,244,31,156,28,4,26,224,23,172,21,176,20,64,21,36,23,56,26,52,29,16,32,44,34,112,36,40,38,44,38,156,36,212,33,136,30,112,27,64,25,0,23,24,21,140,20,192,21,12,24,80,27,108,30,216,32,36,35,44,37,56,38,136,37,108,35,108,32,1,0
0,33,33,134,28,29,120,26,60,24,28,22,164,20,216,20,156,22,128,25,176,28,168,31,236,33,12,36,240,37,60,38,236,36,108,34,28,31,252,27,144,25,100,23,68,21,132,20,92,21,156,23,204,26,252,29,156,32,192,34,228,36,24,38,232,37,252,35,32,33,244,29,12,27,224,24,160,22,224,20,156,20,24,22,196,24,252,27,240,30,116,33,144,35,172,37,72,38,52,37,244,34,184,31,1,0
0,33,33,134,172,28,32,26,4,24,200,21,124,20,40,21,32,23,20,26,120,29,44,32,116,34,152,36,32,38,12,38,116,36,184,33,132,30,112,27,48,25,240,22,12,21,164,20,204,21,52,24,112,27,140,30,12,33,40,35,60,37,48,38,104,37,100,35,60,32,40,29,104,26,76,24,244,21,156,20,224,20,132,22,104,25,184,28,164,31,220,33,32,36,232,37,36,38,192,36,60,34,64,31,1,0
0,33,33,134,16,28,132,25,100,23,112,21,160,20,124,21,204,23,0,27,48,30,156,32,224,34,240,36,96,38,196,37,232,35,244,32,156,29,228,26,192,24,124,22,216,20,200,20,88,22,32,25,88,28,88,31,192,33,196,35,188,37,76,38,96,37,244,34,188,31,96,28,244,25,200,23,176,21,156,20,20,21,68,23,64,26,124,29,48,32,88,34,156,36,60,38,12,38,76,36,140,33,112,30,1,0
0,33,33,134,108,27,48,25,0,23,32,21,172,20,224,21,104,24,136,27,172,30,40,33,56,35,96,37,104,38,160,37,112,35,88,32,44,29,112,26,56,24,24,22,168,20,0,21,188,22,160,25,236,28,200,31,32,34,36,36,224,37,36,38,204,36,60,34,16,31,4,28,160,25,44,23,76,21,136,20,156,21,224,23,244,26,36,30,148,32,204,34,12,37,20,38,172,37,212,35,240,32,156,29,1,0
0,33,33,134,196,26,124,24,64,22,172,20,168,20,64,22,0,25,68,28,56,31,108,33,132,35,152,37,24,38,252,36,128,34,104,31,252,27,188,25,164,23,124,21,128,20,36,21,84,23,72,26,92,29,32,32,76,34,164,36,28,38,4,38,88,36,116,33,28,30,64,27,8,25,240,22,252,20,140,20,216,21,96,24,132,27,176,30,28,33,116,35,108,37,76,38,124,37,96,35,44,32,0,29,1,0
0,33,33,134,60,26,24,24,240,21,160,20,248,20,184,22,140,25,232,28,188,31,244,33,8,36,192,37,252,37,180,36,12,34,204,30,208,27,96,25,60,23,40,21,128,20,144,21,240,23,12,27,80,30,200,32,236,34,8,37,32,38,184,37,192,35,208,32,136,29,200,26,120,24,64,22,184,20,184,20,132,22,28,25,76,28,68,31,176,33,208,35,224,37,88,38,80,37,188,34,144,31,64,28,1,0
0,33,33,134,200,25,160,23,140,21,136,20,40,21,84,23,84,26,152,29,84,32,144,34,156,36,48,38,252,37,64,36,88,33,40,30,36,27,236,24,196,22,236,20,172,20,0,22,156,24,208,27,0,31,80,33,108,35,152,37,96,38,128,37,64,35,48,32,172,28,20,26,236,23,224,21,132,20,240,20,216,22,224,25,0,29,224,31,252,33,76,36,0,38,36,38,168,36,216,33,192,30,132,27,1,0
0,33,33,134,52,25,252,22,16,21,144,20,124,21,32,24,48,27,88,30,228,32,0,35,40,37,52,38,184,37,152,35,148,32,108,29,148,26,116,24,64,22,164,20,204,20,128,22,56,25,132,28,132,31,216,33,252,35,216,37,64,38,4,37,120,34,68,31,36,28,200,25,116,23,84,21,144,20,64,21,120,23,116,26,188,29,112,32,136,34,200,36,48,38,236,37,32,36,72,33,252,29,40,27,1,0
0,33,33,134,220,24,156,22,224,20,152,20,12,22,204,24,252,27,16,31,96,33,132,35,164,37,80,38,88,37,12,35,236,31,172,28,32,26,224,23,184,21,148,20,16,21,28,23,248,25,64,29,8,32,96,34,120,36,252,37,28,38,144,36,220,33,164,30,120,27,48,25,244,22,244,20,132,20,176,21,36,24,96,27,128,30,252,32,56,35,96,37,44,38,132,37,112,35,132,32,48,29,96,26,1,0
0,33,33,134,60,24,248,21,168,20,232,20,156,22,112,25,168,28,112,31,192,33,236,35,220,37,28,38,0,37,116,34,36,31,16,28,136,25,112,23,80,21,124,20,68,21,156,23,168,26,220,29,140,32,192,34,236,36,48,38,192,37,224,35,12,33,196,29,232,26,168,24,28,22,228,20,188,20,48,22,240,24,32,28,56,31,128,33,164,35,124,37,44,38,72,37,232,34,192,31,124,28,248,25,1,0
0,33,33,134,200,23,152,21,120,20,20,21,64,23,80,26,120,29,48,32,108,34,164,36,28,38,0,38,76,36,108,33,76,30,80,27,4,25,228,22,4,21,136,20,212,21,100,24,180,27,172,30,44,33,60,35,128,37,64,38,132,37,104,35,64,32,4,29,96,26,36,24,232,21,124,20,236,20,208,22,168,25,4,29,228,31,4,34,52,36,248,37,60,38,0,37,40,34,216,30,200,27,116,25,1,0
0,33,33,134,36,23,44,21,128,20,128,21,228,23,8,27,64,30,168,32,220,34,32,37,60,38,192,37,184,35,196,32,140,29,172,26,144,24,68,22,176,20,196,20,76,22,32,25,88,28,104,31,184,33,220,35,208,37,52,38,16,37,164,34,100,31,28,28,168,25,124,23,112,21,120,20,64,21,100,23,96,26,172,29,104,32,136,34,200,36,36,38,252,37,80,36,60,33,24,30,64,27,244,24,1,0
0,33,33,134,200,22,224,20,160,20,252,21,160,24,220,27,0,31,76,33,132,35,140,37,76,38,92,37,48,35,8,32,204,28,60,26,12,24,200,21,160,20,8,21,224,22,224,25,8,29,236,31,28,34,92,36,252,37,12,38,160,36,220,33,156,30,140,27,44,25,8,23,24,21,132,20,140,21,0,24,64,27,100,30,232,32,28,35,32,37,80,38,192,37,156,35,164,32,100,29,152,26,76,24,1,0
0,33,33,134,8,22,160,20,204,20,124,22,92,25,192,28,152,31,224,33,20,36,216,37,64,38,244,36,60,34,28,31,240,27,124,25,112,23,84,21,120,20,60,21,148,23,176,26,212,29,128,32,200,34,228,36,64,38,204,37,252,35,32,33,204,29,224,26,172,24,120,22,180,20,192,20,20,22,212,24,16,28,28,31,132,33,168,35,156,37,52,38,60,37,232,34,184,31,132,28,236,25,200,23,1,0
0,33,33,134,152,21,112,20,32,21,44,23,56,26,116,29,48,32,92,34,156,36,64,38,252,37,72,36,148,33,76,30,60,27,8,25,216,22,220,20,160,20,0,22,88,24,136,27,180,30,32,33,112,35,96,37,60,38,108,37,68,35,0,32,212,28,40,26,236,23,196,21,116,20,196,20,168,22,160,25,208,28,196,31,4,34,76,36,12,38,40,38,184,36,8,34,220,30,208,27,128,25,68,23,1,0
0,33,33,134,64,21,160,20,144,21,240,23,0,27,84,30,204,32,12,35,44,37,64,38,172,37,188,35,176,32,136,29,156,26,120,24,80,22,192,20,224,20,108,22,48,25,96,28,96,31,184,33,244,35,204,37,72,38,4,37,144,34,104,31,44,28,192,25,152,23,120,21,128,20,56,21,84,23,92,26,180,29,100,32,148,34,192,36,28,38,8,38,64,36,64,33,16,30,8,27,184,24,140,22,1,0
0,33,33,134,204,20,164,20,12,22,172,24,200,27,0,31,76,33,136,35,124,37,76,38,112,37,40,35,0,32,176,28,32,26,248,23,212,21,156,20,252,20,236,22,200,25,20,29,240,31,52,34,100,36,16,38,16,38,156,36,196,33,148,30,124,27,12,25,212,22,236,20,112,20,168,21,12,24,56,27,96,30,236,32,28,35,64,37,68,38,148,37,128,35,152,32,68,29,160,26,84,24,32,22,1,0
0,33,33,134,124,20,156,20,136,22,104,25,148,28,152,31,240,33,4,36,0,38,52,38,232,36,92,34,72,31,32,28,148,25,104,23,80,21,96,20,48,21,112,23,156,26,184,29,132,32,176,34,224,36,20,38,176,37,240,35,24,33,188,29,240,26,160,24,100,22,204,20,148,20,8,22,168,24,232,27,16,31,92,33,136,35,108,37,64,38,52,37,232,34,200,31,156,28,16,26,204,23,192,21,1,0
0,33,33,134,124,20,20,21,48,23,24,26,112,29,32,32,60,34,128,36,52,38,12,38,104,36,192,33,112,30,80,27,28,25,212,22,0,21,132,20,180,21,52,24,120,27,132,30,28,33,64,35,112,37,80,38,104,37,100,35,80,32,8,29,96,26,48,24,232,21,144,20,224,20,160,22,124,25,204,28,172,31,240,33,64,36,24,38,44,38,220,36,44,34,220,30,216,27,104,25,36,23,64,21,1,0
0,33,33,134,120,20,128,21,200,23,220,26,32,30,180,32,220,34,8,37,56,38,232,37,220,35,228,32,164,29,160,26,104,24,60,22,160,20,176,20,40,22,8,25,56,28,56,31,120,33,196,35,172,37,68,38,40,37,192,34,160,31,76,28,220,25,168,23,124,21,116,20,32,21,48,23,60,26,128,29,48,32,96,34,180,36,28,38,240,37,72,36,124,33,28,30,64,27,208,24,160,22,232,20,1,0
0,33,33,134,144,20,224,21,124,24,188,27,208,30,52,33,116,35,120,37,60,38,128,37,32,35,12,32,240,28,96,26,40,24,244,21,172,20,28,21,252,22,232,25,40,29,12,32,32,34,68,36,24,38,40,38,192,36,20,34,224,30,180,27,80,25,44,23,40,21,116,20,164,21,20,24,80,27,100,30,228,32,32,35,48,37,84,38,172,37,172,35,192,32,100,29,136,26,60,24,48,22,148,20,1,0
0,33,33,134,188,20,96,22,48,25,160,28,132,31,196,33,248,35,192,37,36,38,248,36,140,34,108,31,40,28,184,25,128,23,96,21,124,20,80,21,128,23,120,26,196,29,112,32,156,34,232,36,44,38,232,37,36,36,48,33,228,29,4,27,192,24,156,22,216,20,172,20,248,21,160,24,228,27,0,31,120,33,140,35,128,37,68,38,76,37,252,34,232,31,164,28,28,26,240,23,172,21,148,20,1,0
0,33,33,134,4,21,252,22,228,25,56,29,36,32,96,34,120,36,12,38,36,38,136,36,224,33,140,30,132,27,40,25,8,23,16,21,132,20,160,21,32,24,100,27,140,30,20,33,64,35,128,37,68,38,156,37,120,35,92,32,40,29,108,26,76,24,24,22,196,20,216,20,144,22,96,25,172,28,136,31,232,33,32,36,232,37,80,38,244,36,88,34,12,31,0,28,160,25,88,23,80,21,144,20,1,0
0,33,33,134,100,21,180,23,216,26,24,30,224,32,240,34,20,37,96,38,232,37,236,35,244,32,188,29,240,26,184,24,92,22,208,20,156,20,52,22,248,24,52,28,60,31,168,33,196,35,208,37,88,38,64,37,236,34,196,31,140,28,4,26,232,23,192,21,168,20,56,21,44,23,64,26,156,29,80,32,140,34,192,36,52,38,32,38,128,36,192,33,120,30,116,27,24,25,228,22,24,21,156,20,1,0
0,33,33,134,236,21,188,24,12,28,200,30,48,33,84,35,92,37,96,38,120,37,96,35,56,32,224,28,64,26,4,24,216,21,144,20,240,20,200,22,160,25,248,28,220,31,32,34,76,36,24,38,76,38,224,36,28,34,204,30,192,27,64,25,72,23,32,21,136,20,140,21,212,23,24,27,52,30,204,32,236,34,44,37,76,38,196,37,212,35,220,32,164,29,184,26,124,24,60,22,184,20,188,20,1,0
0,33,33,134,88,22,36,25,96,28,112,31,184,33,212,35,208,37,80,38,56,37,156,34,100,31,64,28,160,25,84,23,100,21,160,20,80,21,72,23,108,26,164,29,96,32,148,34,188,36,56,38,8,38,56,36,84,33,36,30,48,27,220,24,168,22,212,20,164,20,0,22,176,24,188,27,232,30,60,33,88,35,108,37,64,38,96,37,12,35,0,32,208,28,28,26,248,23,216,21,128,20,236,20,1,0
0,33,33,134,220,22,192,25,252,28,0,32,32,34,112,36,12,38,20,38,160,36,0,34,168,30,140,27,76,25,32,23,36,21,144,20,180,21,32,24,60,27,112,30,0,33,32,35,40,37,68,38,188,37,164,35,160,32,112,29,160,26,84,24,44,22,156,20,188,20,128,22,24,25,120,28,132,31,196,33,8,36,216,37,44,38,236,36,120,34,56,31,252,27,168,25,112,23,96,21,104,20,84,21,1,0
0,33,33,134,168,23,156,26,224,29,132,32,184,34,216,36,36,38,228,37,36,36,80,33,4,30,40,27,204,24,140,22,196,20,156,20,8,22,192,24,16,28,24,31,128,33,148,35,152,37,100,38,128,37,16,35,232,31,124,28,252,25,220,23,204,21,176,20,48,21,32,23,8,26,44,29,8,32,76,34,124,36,20,38,48,38,116,36,208,33,152,30,128,27,44,25,12,23,20,21,192,20,188,21,1,0
0,33,33,134,32,24,108,27,156,30,20,33,56,35,108,37,100,38,172,37,108,35,116,32,36,29,144,26,84,24,36,22,184,20,228,20,148,22,108,25,184,28,160,31,216,33,32,36,220,37,96,38,236,36,92,34,36,31,252,27,136,25,108,23,68,21,160,20,100,21,184,23,240,26,4,30,196,32,200,34,252,36,100,38,248,37,12,36,20,33,188,29,240,26,176,24,124,22,204,20,184,20,48,22,1,0
0,33,33,134,220,24,40,28,48,31,160,33,192,35,204,37,112,38,80,37,216,34,160,31,112,28,224,25,184,23,160,21,108,20,48,21,44,23,60,26,180,29,56,32,76,34,140,36,0,38,244,37,56,36,116,33,52,30,44,27,236,24,188,22,224,20,132,20,200,21,96,24,136,27,192,30,12,33,72,35,88,37,76,38,132,37,56,35,64,32,224,28,36,26,252,23,196,21,128,20,208,20,184,22,1,0
0,33,33,134,152,25,240,28,180,31,232,33,60,36,252,37,44,38,172,36,8,34,200,30,188,27,92,25,80,23,60,21,156,20,140,21,0,24,20,27,88,30,192,32,236,34,36,37,60,38,204,37,204,35,236,32,164,29,188,26,148,24,104,22,200,20,192,20,96,22,0,25,64,28,96,31,176,33,220,35,224,37,60,38,68,37,188,34,168,31,136,28,240,25,216,23,144,21,140,20,28,21,64,23,1,0
0,33,33,134,60,26,124,29,60,32,116,34,188,36,52,38,0,38,60,36,120,33,56,30,76,27,0,25,196,22,240,20,152,20,232,21,60,24,144,27,192,30,56,33,96,35,132,37,72,38,132,37,44,35,40,32,240,28,92,26,64,24,0,22,188,20,252,20,216,22,180,25,232,28,188,31,0,34,40,36,212,37,36,38,192,36,20,34,232,30,156,27,84,25,24,23,32,21,144,20,140,21,0,24,1,0
0,33,33,134,16,27,68,30,208,32,224,34,24,37,76,38,200,37,216,35,240,32,172,29,228,26,164,24,104,22,188,20,224,20,116,22,36,25,100,28,108,31,200,33,224,35,188,37,76,38,44,37,184,34,144,31,112,28,224,25,188,23,128,21,160,20,28,21,76,23,80,26,152,29,96,32,116,34,172,36,68,38,12,38,88,36,140,33,68,30,84,27,36,25,220,22,16,21,164,20,248,21,116,24,1,0
0,33,33,134,156,27,208,30,68,33,128,35,108,37,84,38,144,37,52,35,36,32,248,28,84,26,36,24,204,21,168,20,232,20,188,22,168,25,216,28,192,31,248,33,68,36,8,38,56,38,192,36,16,34,224,30,188,27,120,25,72,23,52,21,140,20,112,21,208,23,232,26,64,30,204,32,236,34,32,37,68,38,252,37,248,35,236,32,172,29,228,26,188,24,104,22,236,20,0,21,168,22,84,25,1,0
0,33,33,134,112,28,112,31,188,33,4,36,216,37,84,38,32,37,176,34,128,31,80,28,212,25,156,23,140,21,124,20,28,21,84,23,88,26,148,29,88,32,116,34,160,36,64,38,4,38,76,36,112,33,60,30,60,27,4,25,172,22,212,20,136,20,212,21,108,24,152,27,168,30,32,33,64,35,96,37,44,38,12,37,64,35,44,32,252,28,60,26,36,24,252,21,168,20,0,21,228,22,164,25,1,0
0,33,33,134,0,29,184,31,244,33,80,36,4,38,36,38,160,36,32,34,208,30,188,27,68,25,76,23,76,21,168,20,160,21,8,24,16,27,108,30,212,32,252,34,64,37,60,38,192,37,224,35,216,32,160,29,200,26,124,24,92,22,188,20,192,20,76,22,4,25,64,28,60,31,144,33,204,35,184,37,60,38,52,37,224,34,136,31,100,28,204,25,156,23,140,21,160,20,64,21,104,23,84,26,1,0
0,33,33,134,160,29,60,32,124,34,184,36,64,38,8,38,68,36,124,33,60,30,88,27,248,24,172,22,220,20,156,20,232,21,128,24,172,27,232,30,60,33,100,35,152,37,60,38,144,37,76,35,68,32,248,28,80,26,20,24,224,21,152,20,0,21,0,23,228,25,40,29,0,32,64,34,100,36,44,38,76,38,220,36,28,34,8,31,208,27,120,25,96,23,68,21,156,20,180,21,248,23,44,27,1,0
0,33,33,134,72,30,216,32,0,35,32,37,68,38,204,37,212,35,216,32,136,29,192,26,140,24,76,22,188,20,204,20,124,22,64,25,116,28,124,31,196,33,240,35,212,37,80,38,32,37,148,34,116,31,100,28,172,25,164,23,128,21,128,20,28,21,72,23,124,26,176,29,92,32,120,34,168,36,44,38,0,38,68,36,112,33,32,30,52,27,236,24,192,22,224,20,160,20,240,21,128,24,160,27,1,0
0,33,33,134,208,30,68,33,116,35,120,37,52,38,104,37,36,35,32,32,216,28,44,26,4,24,204,21,132,20,240,20,236,22,216,25,36,29,248,31,64,34,80,36,24,38,60,38,172,36,252,33,196,30,176,27,96,25,32,23,28,21,124,20,172,21,28,24,40,27,112,30,200,32,32,35,44,37,72,38,188,37,200,35,172,32,84,29,156,26,108,24,32,22,176,20,196,20,124,22,80,25,168,28,1,0
0,33,33,134,156,31,224,33,8,36,0,38,60,38,28,37,120,34,76,31,44,28,172,25,136,23,116,21,136,20,84,21,132,23,164,26,208,29,128,32,188,34,240,36,68,38,216,37,16,36,40,33,244,29,40,27,196,24,140,22,196,20,160,20,16,22,176,24,220,27,4,31,136,33,176,35,200,37,104,38,144,37,52,35,8,32,212,28,80,26,0,24,220,21,172,20,28,21,44,23,32,26,96,29,1,0
0,33,33,134,52,32,84,34,160,36,28,38,36,38,160,36,236,33,184,30,152,27,72,25,64,23,60,21,196,20,204,21,48,24,88,27,128,30,252,32,60,35,112,37,104,38,192,37,164,35,160,32,80,29,160,26,88,24,12,22,160,20,224,20,152,22,88,25,160,28,140,31,224,33,48,36,252,37,76,38,192,36,128,34,60,31,48,28,156,25,88,23,60,21,108,20,52,21,128,23,156,26,220,29,1,0
0,33,33,134,136,32,140,34,216,36,64,38,252,37,48,36,72,33,16,30,24,27,204,24,148,22,212,20,172,20,48,22,204,24,32,28,44,31,132,33,196,35,188,37,112,38,84,37,48,35,8,32,192,28,68,26,252,23,224,21,152,20,28,21,56,23,28,26,76,29,32,32,80,34,144,36,48,38,52,38,168,36,240,33,152,30,140,27,40,25,0,23,8,21,144,20,192,21,48,24,108,27,184,30,1,0
0,33,33,134,12,33,60,35,100,37,112,38,192,37,124,35,128,32,76,29,140,26,60,24,20,22,208,20,236,20,156,22,124,25,212,28,192,31,248,33,36,36,248,37,56,38,236,36,104,34,48,31,16,28,164,25,120,23,84,21,140,20,124,21,200,23,240,26,52,30,212,32,0,35,28,37,100,38,12,38,32,36,8,33,208,29,236,26,208,24,136,22,200,20,200,20,88,22,8,25,72,28,60,31,1,0
0,33,33,134,168,33,204,35,204,37,104,38,76,37,232,34,184,31,160,28,248,25,196,23,200,21,168,20,96,21,80,23,64,26,160,29,96,32,136,34,200,36,72,38,20,38,92,36,188,33,108,30,108,27,252,24,232,22,12,21,192,20,224,21,100,24,144,27,224,30,52,33,92,35,144,37,88,38,120,37,88,35,52,32,244,28,92,26,36,24,252,21,192,20,0,21,232,22,180,25,16,29,4,32,1,0
0,33,33,134,48,34,96,36,8,38,68,38,196,36,72,34,232,30,180,27,128,25,72,23,52,21,156,20,136,21,212,23,252,26,64,30,200,32,252,34,28,37,80,38,216,37,244,35,232,32,156,29,196,26,148,24,116,22,200,20,188,20,76,22,244,24,92,28,100,31,200,33,240,35,224,37,84,38,28,37,168,34,112,31,84,28,208,25,172,23,156,21,136,20,40,21,100,23,160,26,156,29,84,32,1,0
0,33,33,134,152,34,200,36,40,38,248,37,100,36,120,33,52,30,80,27,0,25,224,22,24,21,176,20,0,22,140,24,204,27,4,31,96,33,156,35,176,37,116,38,160,37,104,35,36,32,228,28,72,26,40,24,228,21,192,20,0,21,220,22,180,25,4,29,12,32,80,34,116,36,40,38,52,38,184,36,228,33,172,30,168,27,104,25,44,23,44,21,132,20,132,21,244,23,64,27,92,30,252,32,1,0
0,33,33,134,32,35,44,37,100,38,204,37,196,35,128,32,144,29,188,26,136,24,60,22,156,20,172,20,108,22,60,25,128,28,128,31,224,33,252,35,240,37,96,38,28,37,160,34,112,31,64,28,192,25,168,23,116,21,160,20,76,21,132,23,148,26,208,29,144,32,160,34,224,36,68,38,228,37,16,36,64,33,204,29,32,27,180,24,132,22,220,20,192,20,28,22,164,24,4,28,48,31,108,33,1,0
0,33,33,134,152,35,184,37,112,38,128,37,28,35,12,32,208,28,52,26,36,24,240,21,192,20,252,20,24,23,0,26,68,29,28,32,76,34,92,36,0,38,16,38,144,36,236,33,164,30,164,27,68,25,36,23,4,21,148,20,184,21,40,24,76,27,104,30,0,33,36,35,28,37,84,38,156,37,144,35,148,32,64,29,124,26,96,24,48,22,168,20,212,20,164,22,124,25,184,28,168,31,236,33,1,0
0,33,33,134,24,36,224,37,60,38,252,36,136,34,96,31,56,28,180,25,148,23,120,21,148,20,76,21,148,23,176,26,224,29,128,32,160,34,228,36,56,38,232,37,20,36,40,33,244,29,40,27,224,24,152,22,240,20,224,20,52,22,216,24,32,28,48,31,112,33,144,35,188,37,124,38,124,37,36,35,240,31,180,28,236,25,212,23,172,21,148,20,16,21,20,23,244,25,96,29,48,32,128,34,1,0
0,33,33,134,152,36,40,38,48,38,136,36,224,33,144,30,160,27,64,25,4,23,36,21,156,20,208,21,80,24,128,27,188,30,40,33,48,35,96,37,64,38,188,37,184,35,152,32,96,29,124,26,108,24,24,22,168,20,244,20,160,22,136,25,192,28,168,31,228,33,24,36,0,38,72,38,224,36,92,34,40,31,248,27,136,25,104,23,84,21,128,20,104,21,176,23,192,26,0,30,160,32,196,34,1,0
0,33,33,134,4,37,64,38,220,37,28,36,44,33,248,29,28,27,232,24,156,22,248,20,208,20,56,22,228,24,28,28,56,31,176,33,216,35,204,37,84,38,96,37,248,34,204,31,172,28,12,26,240,23,196,21,124,20,16,21,32,23,32,26,128,29,48,32,108,34,156,36,52,38,28,38,124,36,172,33,112,30,88,27,12,25,224,22,4,21,168,20,212,21,96,24,156,27,180,30,24,33,64,35,1,0
0,33,33,134,104,37,68,38,140,37,108,35,92,32,24,29,116,26,64,24,244,21,196,20,220,20,156,22,132,25,168,28,160,31,228,33,252,35,248,37,12,38,188,36,60,34,252,30,204,27,108,25,48,23,60,21,124,20,124,21,184,23,224,26,12,30,168,32,240,34,252,36,76,38,196,37,232,35,212,32,164,29,200,26,168,24,124,22,204,20,192,20,60,22,232,24,48,28,64,31,124,33,180,35,1,0
0,33,33,134,188,37,60,38,96,37,236,34,216,31,140,28,220,25,192,23,164,21,128,20,12,21,48,23,56,26,148,29,88,32,92,34,176,36,64,38,4,38,116,36,124,33,76,30,68,27,224,24,188,22,220,20,116,20,212,21,60,24,108,27,156,30,40,33,96,35,124,37,112,38,140,37,104,35,96,32,8,29,120,26,36,24,232,21,144,20,224,20,180,22,184,25,0,29,204,31,12,34,72,36,1,0
0,33,33,134,20,38,28,38,192,36,252,33,224,30,200,27,92,25,80,23,72,21,192,20,176,21,24,24,44,27,128,30,244,32,252,34,64,37,112,38,188,37,204,35,192,32,160,29,180,26,160,24,104,22,216,20,164,20,96,22,32,25,100,28,160,31,236,33,28,36,0,38,112,38,80,37,188,34,132,31,56,28,200,25,160,23,120,21,136,20,72,21,104,23,108,26,204,29,112,32,168,34,224,36,1,0
0,33,33,134,92,38,4,38,76,36,100,33,48,30,44,27,228,24,204,22,0,21,200,20,8,22,156,24,216,27,236,30,100,33,128,35,160,37,96,38,108,37,36,35,12,32,228,28,56,26,4,24,188,21,140,20,32,21,0,23,224,25,32,29,228,31,56,34,124,36,28,38,32,38,172,36,0,34,196,30,192,27,76,25,48,23,24,21,160,20,172,21,36,24,88,27,148,30,0,33,40,35,64,37,1,0
0,33,33,134,60,38,200,37,176,35,168,32,112,29,160,26,104,24,48,22,184,20,208,20,92,22,48,25,124,28,160,31,208,33,248,35,204,37,80,38,32,37,128,34,76,31,28,28,156,25,128,23,112,21,168,20,92,21,184,23,180,26,244,29,156,32,188,34,248,36,80,38,224,37,196,35,60,33,252,29,12,27,204,24,148,22,208,20,184,20,20,22,196,24,12,28,24,31,124,33,184,35,172,37,1,0
0,33,33,134,100,38,132,37,40,35,252,31,192,28,32,26,224,23,180,21,132,20,20,21,28,23,48,26,96,29,12,32,68,34,120,36,52,38,32,38,192,36,248,33,184,30,148,27,32,25,228,22,228,20,116,20,164,21,32,24,84,27,160,30,12,33,64,35,68,37,112,38,168,37,144,35,160,32,72,29,144,26,92,24,28,22,192,20,220,20,176,22,116,25,32,29,172,31,232,33,236,35,220,37,1,0
0,33,33,134,52,38,240,36,108,34,64,31,64,28,172,25,140,23,140,21,172,20,124,21,200,23,196,26,12,30,208,32,240,34,40,37,72,38,244,37,32,36,28,33,236,29,252,26,204,24,184,22,200,20,160,20,16,22,192,24,0,28,28,31,108,33,172,35,172,37,72,38,76,37,24,35,204,31,132,28,252,25,232,23,188,21,176,20,44,21,36,23,32,26,116,29,56,32,108,34,168,36,68,38,1,0
0,33,33,134,84,38,184,36,248,33,156,30,168,27,60,25,12,23,56,21,200,20,212,21,68,24,108,27,136,30,36,33,88,35,92,37,96,38,176,37,140,35,140,32,64,29,176,26,104,24,76,22,208,20,240,20,164,22,144,25,188,28,192,31,252,33,80,36,4,38,104,38,32,37,124,34,36,31,20,28,160,25,136,23,112,21,164,20,152,21,204,23,224,26,60,30,184,32,240,34,12,37,96,38,1,0
0,33,33,134,0,38,8,36,32,33,200,29,200,26,196,24,108,22,200,20,176,20,56,22,232,24,36,28,60,31,144,33,216,35,212,37,92,38,76,37,224,34,208,31,156,28,16,26,216,23,168,21,132,20,8,21,32,23,48,26,128,29,88,32,132,34,200,36,72,38,44,38,132,36,220,33,132,30,136,27,28,25,0,23,8,21,148,20,220,21,76,24,132,27,184,30,64,33,60,35,92,37,60,38,1,0
0,33,33,134,128,37,84,35,60,32,252,28,68,26,28,24,20,22,184,20,220,20,172,22,180,25,252,28,0,32,52,34,92,36,20,38,84,38,0,37,112,34,24,31,8,28,136,25,128,23,128,21,180,20,140,21,232,23,4,27,64,30,224,32,8,35,36,37,100,38,216,37,232,35,236,32,160,29,216,26,152,24,120,22,224,20,184,20,104,22,252,24,60,28,96,31,188,33,232,35,224,37,96,38,1,0
0,33,33,134,60,37,204,34,160,31,112,28,240,25,172,23,168,21,160,20,64,21,124,23,96,26,152,29,92,32,160,34,200,36,76,38,36,38,108,36,172,33,112,30,108,27,28,25,216,22,244,20,168,20,248,21,140,24,192,27,220,30,72,33,112,35,124,37,112,38,160,37,64,35,60,32,8,29,104,26,56,24,0,22,160,20,248,20,248,22,192,25,28,29,244,31,56,34,104,36,24,38,56,38,1,0
0,33,33,134,188,36,40,34,220,30,192,27,112,25,68,23,76,21,164,20,168,21,24,24,68,27,96,30,44,33,28,35,76,37,92,38,220,37,204,35,240,32,172,29,220,26,152,24,76,22,200,20,236,20,128,22,80,25,152,28,152,31,224,33,0,36,220,37,92,38,68,37,208,34,164,31,124,28,216,25,192,23,136,21,176,20,96,21,128,23,140,26,184,29,128,32,156,34,228,36,80,38,252,37,1,0
0,33,33,134,68,36,112,33,24,30,24,27,240,24,184,22,224,20,164,20,24,22,176,24,204,27,236,30,100,33,168,35,184,37,116,38,116,37,64,35,16,32,208,28,48,26,240,23,216,21,164,20,8,21,252,22,228,25,44,29,248,31,64,34,128,36,36,38,56,38,164,36,224,33,176,30,172,27,92,25,52,23,64,21,168,20,196,21,20,24,76,27,136,30,252,32,64,35,96,37,76,38,224,37,1,0
0,33,33,134,188,35,176,32,116,29,188,26,124,24,96,22,204,20,244,20,152,22,112,25,160,28,160,31,204,33,32,36,0,38,76,38,32,37,128,34,60,31,4,28,156,25,100,23,76,21,112,20,68,21,160,23,192,26,232,29,144,32,208,34,236,36,64,38,232,37,12,36,20,33,188,29,248,26,192,24,136,22,224,20,188,20,80,22,228,24,20,28,64,31,144,33,172,35,192,37,112,38,84,37,1,0
0,33,33,134,0,35,204,31,152,28,236,25,224,23,160,21,144,20,12,21,48,23,44,26,92,29,32,32,112,34,124,36,40,38,28,38,96,36,164,33,112,30,112,27,0,25,4,23,20,21,156,20,220,21,104,24,168,27,180,30,36,33,76,35,128,37,92,38,148,37,100,35,88,32,44,29,140,26,72,24,16,22,164,20,0,21,184,22,144,25,220,28,164,31,248,33,52,36,12,38,64,38,220,36,1,0
0,33,33,134,60,34,252,30,0,28,124,25,108,23,96,21,144,20,116,21,208,23,0,27,80,30,192,32,4,35,12,37,68,38,188,37,216,35,188,32,152,29,200,26,148,24,84,22,192,20,184,20,72,22,228,24,80,28,60,31,200,33,252,35,228,37,128,38,80,37,224,34,192,31,140,28,252,25,220,23,168,21,132,20,60,21,92,23,84,26,172,29,96,32,124,34,200,36,32,38,8,38,20,36,1,0
0,33,33,134,88,33,20,30,40,27,200,24,164,22,0,21,164,20,252,21,140,24,204,27,0,31,104,33,104,35,136,37,116,38,160,37,96,35,48,32,248,28,28,26,252,23,228,21,136,20,0,21,212,22,224,25,36,29,20,32,56,34,112,36,32,38,60,38,184,36,208,33,196,30,148,27,60,25,40,23,52,21,140,20,184,21,244,23,64,27,92,30,232,32,252,34,56,37,80,38,220,37,240,35,1,0
0,33,33,134,208,32,160,29,192,26,132,24,76,22,200,20,224,20,148,22,112,25,168,28,160,31,188,33,248,35,240,37,100,38,44,37,160,34,112,31,68,28,224,25,176,23,168,21,168,20,88,21,132,23,120,26,216,29,124,32,164,34,220,36,60,38,0,38,28,36,120,33,252,29,44,27,240,24,160,22,208,20,176,20,12,22,152,24,224,27,236,30,136,33,208,35,196,37,120,38,96,37,20,35,1,0
0,33,33,134,0,32,224,28,36,26,248,23,192,21,176,20,36,21,32,23,48,26,132,29,56,32,84,34,160,36,64,38,44,38,136,36,200,33,124,30,128,27,20,25,248,22,4,21,132,20,224,21,88,24,100,27,124,30,16,33,96,35,104,37,92,38,224,37,148,35,140,32,52,29,160,26,108,24,44,22,200,20,240,20,160,22,124,25,168,28,156,31,224,33,252,35,252,37,48,38,224,36,60,34,1,0
0,33,33,134,40,31,8,28,156,25,84,23,72,21,156,20,128,21,192,23,212,26,4,30,160,32,188,34,16,37,88,38,4,38,0,36,20,33,184,29,208,26,152,24,100,22,192,20,184,20,80,22,32,25,80,28,128,31,168,33,0,36,236,37,92,38,60,37,236,34,192,31,124,28,248,25,204,23,152,21,168,20,96,21,88,23,68,26,144,29,76,32,160,34,224,36,28,38,32,38,92,36,128,33,1,0
0,33,33,134,64,30,64,27,212,24,180,22,236,20,144,20,204,21,96,24,132,27,188,30,44,33,128,35,128,37,84,38,132,37,76,35,44,32,236,28,76,26,20,24,224,21,132,20,248,20,192,22,164,25,252,28,204,31,248,33,48,36,244,37,36,38,176,36,32,34,208,30,192,27,68,25,48,23,32,21,164,20,148,21,220,23,32,27,216,30,204,32,220,34,28,37,36,38,192,37,180,35,188,32,1,0
0,33,33,134,124,29,172,26,92,24,52,22,172,20,216,20,76,22,28,25,76,28,96,31,192,33,236,35,204,37,56,38,20,37,148,34,92,31,60,28,192,25,160,23,116,21,144,20,92,21,116,23,124,26,164,29,128,32,144,34,220,36,72,38,228,37,12,36,52,33,252,29,32,27,208,24,144,22,200,20,168,20,8,22,196,24,248,27,44,31,112,33,124,35,156,37,104,38,92,37,28,35,0,32,1,0
0,33,33,134,156,28,252,25,220,23,196,21,148,20,28,21,244,22,248,25,44,29,252,31,52,34,108,36,16,38,40,38,116,36,220,33,160,30,132,27,64,25,16,23,12,21,160,20,176,21,64,24,60,27,116,30,224,32,32,35,68,37,56,38,124,37,132,35,140,32,92,29,152,26,88,24,16,22,168,20,244,20,184,22,128,25,208,28,188,31,28,34,52,36,220,37,68,38,16,37,76,34,48,31,1,0
0,33,33,134,12,28,136,25,96,23,56,21,128,20,92,21,128,23,148,26,240,29,144,32,200,34,236,36,52,38,232,37,0,36,244,32,180,29,216,26,156,24,124,22,204,20,180,20,52,22,224,24,20,28,40,31,120,33,156,35,188,37,84,38,112,37,232,34,200,31,140,28,16,26,200,23,176,21,160,20,64,21,52,23,28,26,92,29,40,32,80,34,144,36,64,38,20,38,124,36,188,33,128,30,1,0
0,33,33,134,108,27,28,25,8,23,36,21,160,20,196,21,108,24,160,27,208,30,36,33,120,35,128,37,60,38,140,37,76,35,56,32,240,28,60,26,48,24,240,21,132,20,216,20,188,22,168,25,232,28,188,31,252,33,64,36,244,37,36,38,180,36,32,34,216,30,204,27,96,25,80,23,52,21,120,20,128,21,204,23,236,26,36,30,184,32,240,34,36,37,44,38,180,37,216,35,244,32,164,29,1,0
0,33,33,134,208,26,80,24,56,22,180,20,184,20,104,22,16,25,80,28,128,31,192,33,0,36,216,37,60,38,44,37,208,34,148,31,100,28,208,25,164,23,144,21,124,20,44,21,76,23,88,26,172,29,96,32,152,34,188,36,64,38,0,38,52,36,196,32,40,30,24,27,204,24,172,22,252,20,192,20,0,22,160,24,184,27,224,30,64,33,104,35,152,37,96,38,96,37,56,35,8,32,184,28,1,0
0,33,33,134,28,26,236,23,224,21,132,20,236,20,204,22,188,25,252,28,220,31,52,34,96,36,24,38,40,38,164,36,252,33,196,30,164,27,104,25,28,23,20,21,132,20,132,21,248,23,252,26,92,30,220,32,16,35,64,37,60,38,204,37,184,35,212,32,116,29,184,26,132,24,92,22,208,20,188,20,92,22,32,25,96,28,76,31,224,33,240,35,236,37,60,38,16,37,136,34,100,31,44,28,1,0
0,33,33,134,156,25,160,23,108,21,152,20,76,21,132,23,128,26,212,29,108,32,168,34,188,36,48,38,236,37,28,36,72,33,32,30,12,27,220,24,192,22,224,20,140,20,8,22,160,24,216,27,220,30,124,33,140,35,192,37,84,38,100,37,32,35,0,32,200,28,40,26,244,23,200,21,136,20,244,20,0,23,236,25,68,29,24,32,68,34,136,36,16,38,16,38,148,36,208,33,136,30,116,27,1,0
0,33,33,134,4,25,4,23,16,21,136,20,176,21,28,24,68,27,128,30,220,32,52,35,64,37,52,38,148,37,160,35,128,32,36,29,92,26,112,24,12,22,156,20,200,20,140,22,92,25,168,28,132,31,236,33,36,36,216,37,64,38,204,36,84,34,48,31,0,28,124,25,96,23,60,21,128,20,80,21,140,23,164,26,240,29,124,32,188,34,220,36,12,38,200,37,224,35,244,32,168,29,196,26,1,0
